2880 1
2937 1
8692 1
5805 1
9295 2
4153 1
9040 1
6369 1
3332 1
612 2
2807 2
7779 2
3785 3
7081 1
1854 1
4905 1
667 3
2464 1
2929 2
2782 2
181 4
6642 1
1 2
9290 1
7578 2
10046 2
4128 4
3670 1
3422 3
8216 2
9181 2
268 3
7600 4
1603 1
5512 1
3272 1
8744 2
4407 1
6446 2
2088 2
1058 2
5230 2
5239 1
2079 1
4125 1
6318 1
9177 1
4310 1
6817 3
1446 1
3896 1
9397 4
8443 1
4883 2
545 1
10144 1
2879 1
6204 1
6880 4
3316 1
1499 1
1539 2
3629 2
3046 2
3792 2
1175 1
5300 2
4627 3
3403 4
9289 3
5604 4
7880 2
266 3
640 4
184 2
13 2
8671 2
6625 4
3286 4
9642 4
2192 2
4385 2
5127 1
6145 1
5689 2
5578 1
5472 1
6622 3
4915 2
4876 1
7399 1
4960 1
2410 4
4262 0
6530 2
5927 2
8289 3
6746 1
4988 1
7191 2
273 1
4323 1
1946 1
5794 1
8833 1
4929 3
3325 1
4731 1
9474 4
5950 2
821 2
7256 1
6802 1
4887 0
2678 2
6938 2
9605 4
4500 4
3705 1
999 2
6892 4
7541 1
4225 1
206 2
7018 4
4963 4
59 1
167 2
7222 1
5173 1
6679 1
5609 1
2522 1
8593 3
3602 2
1278 4
5026 2
5151 1
4152 4
7624 2
5787 1
5777 2
8776 1
7147 3
3485 1
5626 2
7284 2
6568 0
860 2
4223 2
4099 1
6565 1
800 1
4269 2
5311 1
8766 3
2408 2
1435 1
6282 1
3055 1
1145 2
9490 3
260 2
4328 1
3170 2
2463 1
1028 2
2439 2
78 1
6844 1
7078 2
5189 1
4422 2
7434 2
9341 1
3798 4
4258 1
7367 1
2219 1
9476 4
1472 1
9304 4
5815 1
4979 4
2146 2
142 1
603 2
5246 1
1111 2
8198 2
2680 3
9352 2
3376 1
5564 4
2717 2
693 2
1300 2
4945 1
3298 2
8298 3
1322 1
6819 3
4811 1
3537 4
7410 3
846 2
2650 4
1817 1
6718 1
8587 3
6376 2
4503 2
4664 1
1976 2
6465 2
1364 4
4288 1
4810 2
578 2
6174 4
1735 3
449 1
1739 2
9449 4
2766 4
1643 3
614 1
3986 1
4642 2
8061 4
4231 4
2292 3
7524 1
4561 1
3808 1
4984 4
290 2
226 2
9740 4
9455 4
4686 1
509 2
5680 2
6243 4
7071 1
9450 4
9213 1
608 2
6936 1
1634 1
2175 2
2018 4
5489 1
3032 3
1156 2
1204 1
6235 1
3118 1
6765 4
2645 4
1682 2
6440 1
3144 2
6636 2
6961 2
6330 1
6067 2
2136 1
4211 4
8269 4
9955 4
7359 2
2161 2
5978 2
9027 1
2764 4
1269 2
9876 4
6394 1
3449 1
323 2
3804 4
2150 1
2630 4
3175 1
1107 3
8959 4
8582 3
8441 4
8138 4
1007 2
4644 4
3860 3
2249 1
7922 4
9703 2
7405 4
2049 3
8939 1
5586 4
3450 3
933 3
128 2
1093 2
430 4
969 4
6980 4
1371 1
9701 1
4605 3
9767 4
8514 1
3875 1
5870 4
1535 1
2239 1
6351 1
2030 1
7564 2
8469 1
9000 2
4819 1
690 4
6410 2
1024 4
611 4
10020 4
769 2
3936 3
803 3
7177 2
2134 1
975 1
1515 4
2386 4
7539 2
2965 1
8816 2
1250 1
10010 1
2753 2
7183 2
5611 1
7115 2
7798 2
654 2
5649 4
990 3
2513 3
9886 1
3060 2
951 1
1213 1
2026 1
2713 2
3256 4
6712 3
3655 4
879 2
4150 1
4438 1
3173 2
3034 1
2297 2
6476 2
7188 2
6616 4
4496 1
6023 1
10110 2
7528 4
310 4
1456 4
6013 2
5406 2
8192 3
8741 2
587 2
5784 1
9978 2
102 3
4284 3
7019 3
2934 3
9159 4
1457 3
535 2
1533 2
9370 4
7556 2
6353 1
3203 1
8226 4
5926 4
1387 4
147 1
4400 4
2606 2
3023 2
3501 1
9672 1
3401 4
4295 4
6858 1
2953 2
3737 3
4579 4
5193 1
2081 2
7133 1
6767 3
3544 3
1035 1
155 2
5329 1
1362 1
8438 3
3625 1
10162 2
3029 1
3379 3
1345 4
9745 4
7919 4
8398 4
2063 1
6792 1
5176 1
4565 2
9123 1
6450 2
8178 4
1057 3
1148 2
8142 4
4080 1
7091 2
8196 2
5 3
7346 1
1002 2
2706 2
3240 2
7385 4
6826 4
10130 1
3027 1
7593 4
8271 2
497 2
9192 1
4991 1
1309 2
384 2
6361 1
9519 3
3958 4
8916 1
7011 3
10168 4
9047 1
5177 2
22 1
2755 2
7795 2
6618 4
1723 1
7391 2
1819 2
1984 1
8532 2
8820 1
7007 2
33 2
5236 2
5795 2
4449 2
1685 4
7503 2
165 2
4289 4
7279 3
8365 1
9712 1
2857 2
7000 2
4446 1
8800 2
3356 1
8530 4
1396 2
6212 4
9390 4
7523 4
6458 1
2997 3
2896 2
9108 2
4374 1
731 2
4633 4
8237 4
412 2
1388 4
1997 1
3045 2
9897 3
6280 1
3748 4
2156 1
6621 2
888 2
10069 4
6803 1
1452 2
2930 1
2129 2
10029 1
5548 4
10015 1
2818 2
6791 2
4947 2
7995 2
8346 2
9544 4
5147 1
5046 1
7915 2
10163 1
6805 3
8539 3
9252 4
7936 2
7866 1
658 2
6881 4
8802 3
1475 2
4340 2
2097 1
8087 2
7210 2
311 2
87 2
3488 2
1424 2
5359 2
4085 4
924 1
3258 4
2432 2
1253 2
2642 2
7642 4
9805 4
302 2
2897 1
8079 2
4873 2
898 2
8474 2
8666 2
4332 2
3129 1
1725 1
9448 2
4411 4
2747 2
7009 2
9722 1
8364 4
5597 2
6191 1
6691 1
5200 1
998 4
4395 1
4785 3
32 1
9808 1
5910 2
8213 4
10042 1
5903 1
2193 1
6461 1
1531 1
9074 2
3431 1
8743 3
4090 4
6546 1
2978 2
1173 2
7498 2
3863 4
1811 1
4342 2
5114 4
5235 1
8485 1
9577 3
1015 3
4717 1
7949 2
6238 2
3239 2
3473 2
3058 3
5530 1
4728 2
5415 1
1565 1
5341 1
2948 2
7017 4
7318 1
2323 2
3279 1
3942 2
2688 2
8603 3
4952 4
8419 1
6096 2
2608 4
334 1
3148 1
7646 4
9023 1
3436 1
4951 1
7931 3
3439 2
2611 1
7180 1
3149 1
3407 1
4774 4
7386 1
5188 2
3475 1
2275 2
3981 1
6357 4
9506 2
8208 1
1896 2
7769 2
6750 4
1862 1
675 2
9791 2
5374 2
1885 1
9035 4
8211 2
5407 1
10095 1
396 3
4202 2
682 4
9730 1
7575 2
1083 4
5702 1
517 2
7870 3
7356 2
9948 3
6413 2
4171 2
6286 1
2238 1
1496 1
9045 3
397 1
5179 2
7265 1
8882 1
3212 1
7479 2
4133 4
5606 2
4122 2
7181 2
760 2
9516 3
1960 1
5372 4
9130 3
240 2
7897 2
7633 2
6327 1
2887 1
5767 2
8503 2
4306 1
6772 2
1566 1
2518 1
3920 2
1050 1
5653 4
5310 1
2524 1
9847 2
3590 2
180 2
6079 1
1062 1
4694 3
9184 1
1756 2
656 4
3636 2
7126 1
3195 1
107 2
150 4
6455 4
8418 3
815 2
1620 2
4387 2
7227 2
4334 1
2580 1
8313 1
8905 1
8597 1
7733 3
4923 1
8946 1
7515 2
10171 3
710 2
4011 4
8874 2
9077 2
8627 1
586 2
6620 4
2615 2
7294 1
7540 4
3504 1
665 1
7089 4
10000 1
3788 1
749 2
3784 2
5953 1
6342 4
1076 2
9028 1
7051 2
7872 2
7896 2
3357 1
8249 2
9389 4
1686 1
2584 3
8722 1
4457 4
2245 1
6164 1
6162 1
8236 2
8724 4
6951 3
1272 1
4166 1
904 2
1619 2
7458 3
4316 1
28 2
3725 1
5969 4
9206 1
5833 1
4186 4
201 4
1943 2
7846 2
2797 2
3675 4
6682 1
2250 1
4687 1
8053 4
8567 4
492 1
65 1
3090 1
2969 1
2461 1
9651 4
3404 1
6263 1
9719 1
5514 4
3078 2
8472 3
10100 2
3635 4
8270 2
5361 1
5546 3
5623 4
7380 2
7406 1
475 2
7094 1
9059 2
6949 2
8058 2
9614 4
5932 1
6853 2
1423 1
5384 2
3654 4
9989 3
1137 1
4742 4
5181 1
5314 3
5706 1
8482 1
8051 4
2979 2
5985 2
6163 1
1226 2
9967 1
2980 2
4236 1
3800 3
6346 1
3004 2
5323 3
10148 4
378 4
3411 3
7174 1
408 2
7124 1
3339 3
525 4
713 4
2613 1
7676 2
8825 1
3448 3
7980 4
8735 2
1102 3
67 2
4412 2
5961 2
10080 1
3765 2
5641 4
3840 2
1368 1
4268 1
1116 3
2586 4
103 2
2749 2
8686 4
10128 3
6311 1
5776 3
8405 2
5503 3
1318 1
6277 4
467 1
7267 4
3787 4
2025 2
7353 1
8849 3
2591 3
1491 4
6753 2
1579 2
8461 3
4094 1
4673 4
3713 3
4829 3
8071 4
2725 2
9387 4
8848 2
6473 4
1307 4
698 4
2472 1
6899 2
8876 1
7452 4
1886 1
7474 4
7211 2
9084 1
9927 1
1938 1
507 4
3468 2
143 2
6987 1
3823 2
3591 4
2231 1
2173 1
7223 3
1726 1
2185 2
9174 3
4111 4
2808 1
4424 1
2242 1
1900 2
250 2
7068 4
4445 2
8831 1
3839 2
8543 2
2711 4
4532 1
8858 1
7044 2
8199 2
961 2
1793 1
841 3
3847 1
4048 1
3807 2
3130 1
251 2
8546 1
6053 2
3535 2
8329 3
3307 4
2507 1
212 2
5540 2
907 2
5394 1
2532 2
7271 1
8947 1
1955 4
5729 1
1707 4
6134 1
2085 2
1221 1
3569 1
3031 2
7606 4
1014 1
8548 2
1543 4
6705 1
7178 1
2367 3
2791 1
2778 2
7826 1
8021 2
390 3
1919 3
7163 2
5515 3
163 2
385 2
3876 4
7290 2
7201 1
3338 1
5592 4
7025 2
5164 4
216 2
6943 2
6972 4
2356 3
4161 1
4716 4
3522 1
5086 1
8645 2
1183 3
8363 4
8928 1
4292 1
3588 2
9351 2
225 4
2257 2
8252 2
9323 3
7827 2
3337 2
8934 4
1159 4
1152 2
6463 4
4719 1
118 2
10056 2
5303 1
9029 2
3494 2
9259 4
3465 1
8193 2
995 4
4832 1
9176 1
5286 3
8338 2
7946 2
5194 2
7129 2
765 3
2769 2
9020 1
7252 2
1617 2
6573 2
303 1
3088 4
4543 1
6005 1
453 2
8371 2
5122 1
9097 2
8467 2
4401 4
534 1
8470 1
7107 2
1961 2
9529 2
9228 4
7602 2
1069 2
53 2
7636 2
3620 1
9415 2
139 2
741 4
455 2
3795 1
6921 1
359 2
10057 2
1373 1
8177 3
696 2
9221 4
3317 1
8247 1
8357 4
2812 2
3572 4
3686 3
7657 2
1614 1
4121 4
5321 1
6780 4
2469 4
5542 4
9222 3
2722 2
5225 1
6986 1
7560 4
2509 1
1281 1
8388 4
1731 1
6138 3
2715 2
9754 2
6492 1
6059 1
442 2
10122 4
1970 2
1467 1
2385 2
2236 1
366 2
7597 3
6036 1
10115 2
9598 3
4553 3
3990 4
7003 1
6532 1
4841 3
9792 4
2775 3
2383 4
5579 2
234 1
997 1
1029 2
336 3
1947 1
5422 2
3291 2
2433 1
3534 3
2446 2
8795 3
1691 1
7704 4
4240 2
9618 4
6566 3
35 4
1541 3
1806 2
3721 4
3835 1
2891 2
4908 1
7892 2
8515 1
9068 2
7422 1
1289 1
8264 2
4610 1
2815 3
10089 1
4321 1
5211 4
8898 1
5842 2
2331 1
264 2
576 2
7721 2
8640 2
6077 1
9923 1
10160 1
7195 1
2268 2
5839 4
852 2
9811 4
8641 1
7993 2
9757 4
7740 4
8725 2
7957 2
7316 4
3287 4
1425 2
8089 1
5447 1
2450 2
7207 2
8988 2
1525 2
2074 2
1068 2
814 2
8737 2
9736 2
1808 2
6971 2
5047 1
992 1
4406 3
8884 4
6110 1
8407 2
1421 2
7547 3
6549 3
9186 4
1633 1
9393 4
9766 3
7041 2
496 1
3021 2
5157 1
3500 1
4014 1
5390 4
61 2
10050 1
4914 1
4483 1
5841 3
2235 1
1121 2
8702 1
9733 1
7165 1
10082 1
2954 2
7361 1
8664 1
1711 1
2705 3
9775 2
5759 2
5217 4
5899 2
8992 3
3573 2
1034 1
2861 1
6300 1
4904 3
7320 1
7038 2
9432 3
4919 2
6946 2
8374 1
1781 2
6970 4
8677 1
2213 2
8932 1
7029 3
3017 1
9225 4
10093 1
9297 1
799 2
1962 1
5809 2
6989 1
943 2
5018 1
5866 1
890 3
818 2
7375 2
6904 2
4519 3
5998 2
6439 1
2996 1
4955 1
1721 4
7535 2
9269 2
1374 3
270 2
8345 2
8107 4
6624 1
8032 1
3421 1
1696 1
8026 2
1524 1
8693 1
5145 1
4296 4
4298 2
9115 2
1512 3
3999 2
7858 2
6018 2
3612 3
4913 1
9817 3
552 3
8318 4
3016 2
10135 1
8240 2
5672 1
6467 3
7972 4
8135 3
6292 1
4287 2
3899 2
3193 2
5038 2
4760 4
9661 2
8887 1
5500 4
9451 4
5741 2
8942 1
4682 4
3414 3
5089 3
1400 3
1441 2
2746 3
2863 1
8200 2
8276 2
9309 3
691 2
9797 1
417 1
9179 1
4648 1
5715 1
4027 1
9388 2
215 2
6291 1
3515 4
24 3
790 4
3706 1
7337 2
440 4
4975 1
4447 1
905 4
7604 2
8819 2
4145 4
7119 1
4135 1
10087 1
7783 2
414 2
5882 4
9785 4
361 2
1890 2
160 1
6784 4
779 2
6777 4
9515 2
1507 2
3983 2
2847 1
1746 2
10145 2
6663 2
7168 2
8012 2
8278 1
4567 2
6189 3
6124 4
6729 2
7814 4
3916 2
5541 2
2820 0
4414 1
8022 2
1241 2
5852 4
138 2
420 2
946 3
8134 3
3845 1
4710 1
6435 2
2761 1
5197 2
2054 1
4746 4
7063 4
2862 3
6820 4
8139 2
5479 1
9568 2
1875 1
5068 4
3542 1
9567 2
3696 1
2757 2
7093 4
5097 3
6543 1
647 2
69 1
9916 4
9150 1
7443 1
2209 3
5240 1
8586 1
7253 2
6832 4
8661 2
3881 4
3423 4
8458 3
801 1
593 2
6234 4
8755 2
9459 3
8584 3
4508 2
7338 1
8273 2
3333 2
7172 2
1680 4
4058 2
9987 1
4350 2
1994 1
2440 3
4623 2
4692 1
3664 1
1448 1
1349 3
1596 2
1206 2
8566 1
2086 1
3181 1
7917 2
644 2
1086 2
3545 3
5060 2
7184 2
7413 2
3441 4
3523 2
5721 4
1422 1
9331 4
5178 1
6614 1
5389 4
5595 2
6806 1
2683 2
4472 1
4433 1
1892 3
8803 1
3166 1
6025 1
5366 2
6066 1
9790 1
5666 2
5043 2
9973 4
2090 2
10032 1
3528 2
8228 2
2871 2
2856 2
8507 3
805 4
10058 4
1907 4
5726 3
2425 1
8320 4
8233 3
7930 2
7363 2
7615 3
4724 1
6903 3
676 1
3446 4
1326 1
6977 3
669 2
1904 4
337 4
3735 2
2495 2
5566 1
9729 1
5703 1
10067 3
7751 2
8919 2
7408 1
6064 4
1889 2
5484 3
4629 3
8436 3
1780 2
1585 1
7381 2
4226 4
3447 2
8493 2
2263 1
2417 2
5807 2
2006 1
9821 1
7167 2
5850 4
2460 3
5000 4
10084 2
3081 1
73 2
3747 3
5243 1
2334 1
4534 4
2304 2
4588 4
9199 2
1763 2
2009 2
599 2
8943 1
2727 4
4256 1
3862 1
6097 2
2392 4
4612 1
6520 4
8116 2
5140 1
8268 3
2426 3
1861 3
1402 3
2269 2
4880 4
27 2
476 2
1757 0
2285 2
4924 1
4566 1
8544 2
5662 2
6572 2
1392 1
8594 2
6796 2
2669 4
1407 4
1385 2
8227 4
4554 1
4304 1
7755 1
3135 1
3757 4
6785 4
2072 1
5055 4
5025 1
6637 1
3898 4
670 4
6865 2
5907 4
5939 2
6875 2
7558 2
9687 1
6155 1
6540 3
4247 1
2667 2
4759 4
7127 1
9885 2
9504 3
6930 2
6449 1
9542 1
6475 3
1929 1
4886 2
8392 1
5915 2
8531 4
5289 4
8886 2
7348 1
8224 2
503 4
5266 2
5669 4
8288 1
728 3
2974 2
8638 1
2709 4
673 4
10014 1
6288 1
4761 2
8614 1
6893 1
1935 4
6909 4
487 1
2394 4
8019 3
8851 4
2915 3
4003 3
9697 1
7925 3
8921 3
151 2
130 2
433 1
1833 2
3047 1
7526 4
1351 1
1864 4
2936 2
10044 1
1170 1
4647 1
86 2
3084 1
8576 2
2313 3
3472 2
8484 3
5326 1
4701 1
5955 4
4492 4
9990 2
4983 4
1041 2
1996 1
6773 3
1684 2
1852 1
4380 2
2484 1
4520 4
471 2
6251 3
4935 3
8720 3
6479 2
607 2
5687 4
9079 1
5002 2
7261 1
938 3
1825 4
740 2
6200 1
7277 2
1879 2
7153 1
5069 2
7940 2
3184 1
6680 1
1601 1
6316 1
2443 1
5320 1
3872 2
9317 4
8964 1
9934 2
5399 4
3806 2
5775 1
825 2
9015 2
4652 1
5738 2
4744 1
2813 1
1648 1
54 2
3732 4
1079 3
2511 3
1799 2
7961 2
6562 1
896 2
362 3
7075 1
1683 4
2926 1
4005 4
1419 2
9253 4
4852 1
1803 3
3042 2
6247 2
4087 1
2307 1
5697 2
9778 4
2228 4
4895 2
1163 2
3802 2
6563 1
3418 4
5765 1
2144 2
4814 1
7887 4
4244 1
3963 2
5636 4
8460 1
5088 1
2684 4
7475 1
1785 2
6201 4
4196 2
9296 3
8954 1
5880 2
7435 2
5342 1
1695 4
966 4
878 4
4151 1
7309 1
2690 4
6265 4
9904 4
1248 4
2984 1
344 2
3712 2
7335 1
113 2
2986 4
4233 4
7 2
844 1
7272 4
2770 4
6165 1
2040 2
8899 4
4872 1
6688 1
9051 4
8940 1
5291 1
5650 2
4124 2
5543 1
732 4
6404 1
1263 2
2201 1
4267 4
9358 4
474 4
7022 2
2966 4
5040 1
2914 1
3853 1
706 2
3998 4
5459 1
6210 2
9248 4
5019 4
1509 2
9592 2
1092 1
10134 1
6509 2
3582 4
5771 2
9888 3
7469 2
8212 2
7869 2
3374 3
6181 1
8014 2
1939 2
3400 1
8754 2
2689 2
222 2
4146 1
1748 4
2792 1
1101 3
5758 2
2712 4
8747 1
5960 1
3070 2
9591 2
7905 4
7427 1
7428 2
1880 2
463 2
6701 3
5734 2
8303 3
5156 4
26 4
5977 3
8042 4
4138 1
2824 2
6049 4
9594 3
8380 1
9017 1
6612 4
4808 1
5094 1
380 2
4051 1
2258 2
4985 2
7882 4
4622 4
8703 2
7820 2
7424 1
10026 4
9758 1
7402 3
1150 2
9748 2
5798 4
3708 1
6851 1
5454 4
6665 1
5747 1
1260 4
5451 1
9452 3
3419 4
8328 2
91 4
3724 3
3908 2
5007 1
6314 1
8830 3
4363 2
8302 3
9937 2
9288 1
613 4
680 4
9818 1
5755 4
9726 2
5357 4
8036 2
6537 2
3830 4
2942 4
2889 2
156 2
2158 1
3994 1
5247 1
758 2
4039 3
6681 1
5093 1
4594 2
9789 1
5453 3
9854 2
5979 4
3693 3
1223 1
6391 3
8393 1
3941 1
3638 2
2031 1
3112 2
5507 1
1860 4
9669 1
8910 1
8129 2
1343 4
6725 1
689 2
3868 2
39 2
7786 1
9016 4
3277 2
1104 3
7899 2
4341 2
6354 1
3745 0
8852 4
3648 1
9636 3
3346 3
220 1
4847 2
432 4
8796 1
1936 1
221 4
1761 1
4784 4
6359 1
328 2
1674 2
5630 2
5119 4
5297 4
3962 1
10 4
9747 4
8997 4
5396 3
8221 2
6224 4
5375 1
9224 4
5109 4
8412 1
3923 2
5857 4
4297 4
1339 1
7143 1
10159 1
2744 3
2654 4
37 4
1913 4
9212 4
7554 2
3167 1
5635 1
8054 2
5215 4
6849 2
6065 1
6744 2
2029 4
8223 3
5965 2
5638 1
3146 4
6926 4
8980 2
2576 2
4824 1
5264 1
1510 3
5037 4
4782 1
5513 4
1937 3
2106 4
733 2
9663 3
5050 1
3982 2
10166 4
4582 1
1296 2
2940 4
8648 1
7587 4
8704 1
4059 2
10172 4
370 2
2958 2
4371 2
8779 1
9204 2
1700 1
3216 2
5255 2
419 2
1503 3
7963 2
5628 4
89 2
4987 1
7120 1
1745 4
1276 3
4709 4
6759 3
7984 2
2253 1
5076 4
6298 1
1197 4
2814 2
6934 4
6032 4
567 1
2204 4
3929 1
8878 1
3452 3
2878 2
3413 1
66 1
1646 1
942 2
5416 1
7131 1
9794 1
8991 2
7989 2
6100 1
5116 4
8616 4
10041 2
2869 2
8033 2
564 4
2160 1
7021 2
2300 3
6352 2
2232 2
7584 2
1301 1
8291 2
3172 2
4884 1
2301 1
9646 1
12 2
127 4
2550 1
1033 1
6216 4
8153 2
4549 1
626 4
7549 4
119 2
8810 1
10103 2
3402 2
6159 1
7122 2
7594 2
4028 1
9333 4
7259 4
6188 1
2505 2
2562 1
1245 1
9915 1
274 4
5885 2
871 1
272 2
6715 3
2848 3
4762 3
3160 3
8262 3
2221 1
7702 4
6412 1
3526 2
524 2
5509 1
3026 3
3550 3
6464 3
49 2
4754 3
5420 2
9247 4
7756 1
8232 4
116 2
7242 3
8889 3
3280 1
4638 4
5424 2
3972 2
9656 4
2502 2
1655 2
2780 2
1264 1
8452 2
6698 2
3098 1
3388 2
1709 4
6241 1
3302 2
7445 3
1728 2
7052 2
1564 2
5921 1
9837 4
8044 4
569 2
8676 1
2114 0
5499 4
687 3
5391 1
8708 1
1951 1
8742 1
8837 4
8975 2
9693 1
618 4
6895 2
6 2
4539 1
7871 2
3061 3
7418 1
5461 3
2335 1
5316 3
4540 2
7935 4
164 2
2224 3
3213 2
2390 4
7790 4
5261 2
4715 1
1883 2
8230 2
1476 2
8391 4
7565 2
5062 3
1442 2
306 2
9089 3
3321 4
9168 1
9022 4
560 4
8368 2
2176 2
8727 1
4373 1
4727 2
516 1
8121 1
7695 2
10086 1
6693 2
2571 2
9935 1
1844 1
3052 1
1611 1
5108 4
5238 1
3842 4
4315 1
1401 4
271 3
9100 2
6998 2
10113 2
6000 2
9366 4
6988 1
8733 1
5627 4
5450 1
7305 2
1602 4
2773 2
8762 4
4994 2
3229 2
3131 4
4437 1
1228 1
9657 2
6308 1
8646 1
2988 2
1667 2
863 2
3727 1
8281 4
8915 4
8442 2
236 4
6387 1
3529 3
47 1
4004 2
2092 3
1336 1
5036 4
4855 3
1236 2
153 2
2333 4
7943 4
2714 2
8971 1
8029 4
6727 1
6072 4
9198 1
9004 3
6862 3
5302 2
7260 1
2321 2
5781 2
5902 1
7690 2
873 1
9013 1
6209 4
1804 2
7742 3
8034 3
6180 1
7898 4
5488 1
9931 3
5853 4
10074 3
6647 3
4593 1
4127 4
963 2
1871 1
1923 2
2656 4
10085 1
4732 2
583 2
2768 2
6821 3
6427 1
6939 4
2058 4
2883 1
4082 3
1699 2
4833 3
9944 1
9211 1
2718 3
8773 2
6027 4
2148 4
8093 4
6161 1
8935 2
9161 3
9953 2
1586 4
9320 3
4959 1
7308 2
6182 1
9444 4
7283 2
6320 1
2306 2
1649 1
1383 1
9485 2
1729 2
3870 2
5816 4
1153 1
1956 1
1986 1
5334 1
1021 3
1623 2
3020 1
1948 2
7612 2
9464 2
9903 4
292 2
9921 1
8468 1
1856 2
2116 2
1297 1
2794 3
4045 2
4863 1
8250 2
6661 2
4990 2
1973 4
5042 1
5204 1
9525 3
2121 3
9313 3
3758 4
3995 2
5262 1
3540 2
8904 1
872 2
8521 1
8818 1
2290 2
989 4
5187 1
4511 1
1702 3
1537 1
2537 1
6588 4
2125 1
8111 2
8304 3
4885 4
3007 4
6955 1
968 3
8679 1
1568 1
1379 2
3739 2
4044 2
5020 1
7048 2
6373 4
1979 2
8217 4
245 4
867 2
4454 2
1753 2
2674 2
4484 4
5569 1
8060 3
8366 2
9446 2
5919 2
9842 2
6678 4
7471 2
857 2
7151 1
9135 1
6740 4
9398 2
7951 4
3586 2
5287 1
7109 3
3856 4
911 4
5537 1
2617 3
6983 3
5647 4
7209 1
5940 4
585 4
6721 3
8979 1
3966 2
1747 2
9254 4
1008 1
6841 2
4590 2
7401 2
10071 1
4949 4
1513 1
6713 4
2444 3
1505 4
5353 1
3 2
1054 1
7083 1
8294 2
21 1
1593 4
4259 4
5878 4
7914 4
5937 2
7750 4
2806 4
7291 3
903 2
6901 2
7110 3
4238 1
574 2
8210 3
10114 2
4339 4
4858 3
9925 2
6428 2
6398 1
861 1
7688 3
3643 1
3688 2
318 1
3416 3
1834 4
902 4
8 2
6054 2
8872 4
6151 1
1186 3
671 2
2168 1
3614 1
2314 1
2120 1
6087 1
6094 2
2325 1
8926 1
5110 2
6912 3
10143 1
7855 2
9362 1
477 3
3848 4
1982 2
2358 3
2910 1
1429 4
6133 4
387 2
4527 1
6931 3
2652 2
3342 3
8721 1
6952 1
6633 1
3791 2
5131 1
7255 2
1147 2
7449 1
3247 2
4253 2
1988 4
6860 1
1694 2
7450 1
1910 2
5948 2
9166 1
8155 2
426 2
7199 4
6002 1
3626 4
6007 2
2135 4
8850 1
2445 1
3024 1
3114 4
4448 1
8832 1
5456 3
5296 2
6856 3
339 2
4239 2
3022 1
7632 1
7626 3
8574 2
1940 2
6208 2
1287 1
6171 3
10091 3
8091 2
4783 3
862 2
4765 4
9814 2
2558 3
5704 1
5709 2
5318 1
1216 4
7013 1
8002 2
1338 3
3480 1
3208 2
5123 4
1146 2
8891 1
8920 3
4041 2
2602 1
2243 1
4309 1
5821 2
922 4
4337 2
4971 4
8349 2
598 2
8143 3
5995 4
2520 1
3159 4
4409 2
7860 2
7237 1
6547 1
5957 4
5686 2
4848 2
702 2
8601 2
5182 1
3085 4
6555 1
1130 4
8501 1
351 2
3746 4
257 2
9641 3
2260 2
5491 1
7953 4
1795 2
2131 4
9087 1
6445 2
8570 1
2510 2
7275 1
4916 1
7771 4
335 2
8417 3
1246 1
2925 4
5401 2
5783 4
8097 4
278 2
1267 3
4217 4
5165 1
7987 2
490 4
8510 2
8018 2
1974 2
601 4
1925 2
3143 4
9685 1
9724 4
7159 1
6141 1
3855 2
3492 4
4209 1
3263 1
3900 2
6326 2
2494 2
8404 4
10156 1
8906 3
1815 1
2066 1
9258 4
5788 2
6594 4
10035 4
6610 4
7293 3
10104 2
2515 4
7001 1
8275 1
7964 2
176 2
5679 1
307 4
1225 2
7173 2
3097 2
5344 1
3351 2
8617 2
360 4
5138 1
9838 4
831 2
5190 1
2530 2
2621 4
2701 2
9552 2
5532 1
7234 2
1096 3
7467 1
9470 3
8123 2
3238 1
6561 4
7409 1
2477 2
8974 1
9382 4
8202 4
3340 2
8431 1
559 4
358 2
8922 3
8748 1
7804 2
3438 1
8497 2
7534 2
1195 2
9548 2
6570 2
4839 2
4251 1
7440 3
6217 2
4529 2
6213 2
3678 1
4741 1
9936 4
1710 2
8092 2
6132 4
5583 3
9144 1
6684 2
7136 2
10061 2
5792 4
9359 4
4752 4
5754 4
6619 3
973 1
1608 4
7724 2
6149 2
2781 2
3433 4
7125 3
8274 2
5527 2
8868 1
541 4
6836 2
6129 4
1989 4
2214 3
7499 1
1463 2
9458 2
10165 2
9524 3
2015 1
4871 4
5959 4
132 2
4950 1
4142 2
4618 2
6603 1
4778 2
4842 1
9037 3
8705 1
7369 1
7856 2
1056 2
876 2
5555 2
4031 1
3723 3
4386 3
5234 1
3133 2
8631 3
5625 1
2535 2
5582 1
9031 1
2352 4
3067 1
950 4
9776 4
8575 2
7617 2
3080 1
1995 2
5951 1
697 4
144 4
7932 1
4265 1
1167 3
8981 4
5106 4
357 2
3988 2
3549 4
2835 4
4294 2
5584 2
4691 1
5952 4
5201 4
6859 3
7861 3
1583 2
2918 2
3907 2
7270 2
1857 2
3142 2
6830 3
8790 4
354 4
4089 2
7810 4
6043 1
7138 1
1483 2
621 2
1716 4
589 3
5312 4
4597 2
6587 3
7763 4
8181 2
6349 3
3474 4
6363 1
7911 4
9412 4
579 2
8504 1
3001 3
1305 1
1258 1
7857 2
4836 1
17 1
6558 1
8387 2
4257 1
2286 4
8189 1
7577 3
7493 2
3010 1
5728 2
8897 2
1672 1
9530 2
4620 1
8973 4
7296 2
9630 4
6340 1
9091 1
8665 3
6711 3
5382 1
8340 3
5991 3
2811 3
9968 4
5619 2
211 4
895 2
3680 2
2280 4
3328 1
4382 4
565 1
8150 2
2582 3
6761 4
6417 1
4436 1
2844 1
1554 3
4367 3
8372 1
5085 4
1279 1
10021 1
9117 4
6031 1
8466 2
2344 4
5883 1
6232 1
8865 2
993 1
3558 4
4100 4
1361 1
8074 4
5643 3
964 2
3829 2
10013 4
6416 4
7730 2
9543 4
9569 4
632 1
4639 3
5949 2
6017 4
5685 3
5549 1
679 1
1742 2
7723 4
1548 3
2338 3
7491 4
7288 4
2800 4
2451 1
8672 1
5556 4
3482 4
4393 1
7581 3
7836 4
804 2
2921 1
4936 1
8324 2
4314 1
7718 4
3312 1
2151 4
2230 2
6305 1
712 4
8718 4
8327 2
8222 2
3429 2
7085 4
6764 2
8078 2
6102 4
3945 4
8175 4
8239 2
4000 4
7599 4
7254 2
179 4
8788 1
920 4
8166 2
1821 2
8347 2
3162 2
6788 4
4768 4
7834 2
5474 1
8488 2
9678 1
3803 2
6674 2
2952 1
1718 3
7398 2
6170 2
5761 4
6379 4
934 2
595 2
4266 4
6929 3
8952 2
8987 1
7331 1
4722 1
8427 1
9670 4
829 4
2055 1
1630 2
2793 1
8864 4
4021 2
3585 3
2420 2
2960 1
457 2
2855 3
466 2
958 1
1573 3
8481 2
6733 3
3484 2
8513 1
2454 3
605 4
6366 4
2971 2
3068 2
6885 4
2098 4
1575 4
3676 2
8607 3
3311 3
3462 3
1812 1
6244 4
3478 1
1443 1
1823 2
2900 2
324 4
5345 2
188 4
4628 1
7728 3
2206 4
9939 4
8082 3
1073 2
1640 4
5827 1
1559 1
4195 4
8072 1
6377 4
5982 1
3095 2
3008 2
1616 4
1168 2
6564 3
2399 4
3344 2
3575 1
9145 2
6541 3
8972 1
596 2
4192 3
1549 1
6928 1
8629 4
8409 4
6730 2
5142 1
3499 2
6818 2
2935 2
9302 1
8389 3
7417 2
135 2
6456 3
5386 1
7465 4
4324 4
7186 1
8690 4
2552 4
4613 4
1218 1
8069 4
6118 2
7315 1
4478 1
6925 2
6042 1
2668 4
9264 2
3105 2
2118 4
1501 2
5571 4
8528 1
7321 4
1944 1
935 3
8933 1
2184 3
5879 1
203 2
9048 4
894 1
2309 1
1828 2
8564 1
1540 2
4755 2
927 2
4792 3
4568 2
4063 2
9780 3
856 4
6742 3
8684 4
8651 4
7460 1
8847 1
2907 3
757 4
2229 2
2355 2
8644 1
4056 3
5229 4
6001 2
314 4
3992 4
1022 2
5581 1
2912 2
1340 2
6199 1
10146 4
2241 4
7128 2
1365 2
4308 1
2905 3
563 2
1356 1
6790 4
9919 3
3753 2
3466 2
1865 4
57 3
5562 2
2480 2
7423 1
660 4
8860 1
8813 4
141 2
7355 2
6515 2
7060 4
8817 1
333 4
4286 1
3334 3
1126 4
3012 3
4840 3
9996 4
3888 4
2362 2
46 2
775 2
10012 4
2671 2
2391 2
7850 1
2512 2
9861 4
9401 1
6148 4
1232 2
3502 4
5006 2
9219 4
5574 2
2189 4
2078 1
9828 2
1390 2
1652 4
4275 2
9984 1
1077 2
7023 4
5245 2
8430 1
974 2
6060 2
5346 1
10175 1
4734 3
3389 1
1481 1
8746 1
4338 1
7137 2
5337 4
5577 4
3006 2
3460 4
322 2
10096 1
7067 1
19 3
3959 1
1347 2
7387 4
901 2
2816 2
5677 2
3169 2
5538 2
2174 1
7770 2
4700 3
977 1
724 2
5340 1
5511 2
1690 2
5146 1
5682 2
5714 2
6123 4
4405 4
5598 4
3892 2
1813 2
8823 3
2441 2
29 4
4509 4
4867 3
5351 4
6556 1
6016 2
2349 1
4666 1
5904 2
6256 1
1023 1
2267 3
2703 2
5452 1
4972 1
10011 4
4120 4
976 4
1427 4
2548 2
7522 4
2191 3
1447 1
6523 4
2660 3
1584 2
2414 2
4893 4
5071 1
4327 4
8400 2
2220 4
231 4
2291 3
6085 4
438 2
1958 2
6073 2
7586 2
1255 2
1480 2
7494 2
833 4
6662 1
9802 2
8290 2
3191 4
3038 4
8478 2
486 2
6500 4
1848 2
3671 3
2339 2
75 4
6136 1
7680 1
3119 1
5769 4
4859 2
1523 2
4598 1
7066 1
5559 4
8826 1
659 1
23 1
5288 4
9975 2
6347 4
304 4
5205 4
8444 4
3139 4
798 2
10023 1
6631 1
3618 3
3467 2
6906 4
230 2
684 2
8299 3
2488 4
8761 1
7999 4
2579 1
3531 2
445 2
827 4
5198 1
6364 1
4392 1
5744 4
20 4
778 4
6630 2
5846 4
4416 2
3951 2
3013 2
9435 2
2406 1
2796 2
5254 1
6279 4
79 2
2559 3
6932 3
3278 1
8424 1
4157 1
5130 4
9201 4
8471 1
5911 1
4982 2
2955 1
8172 2
3066 2
2920 2
9457 2
3477 1
7513 1
5529 1
8783 1
9770 4
2294 3
881 2
8170 2
5203 4
6876 1
9423 4
8343 2
6355 1
3327 3
7725 1
1553 3
8592 2
4305 2
4922 2
6578 3
8020 2
4659 4
4464 3
7204 3
4798 1
1354 3
7782 2
301 1
8342 2
5107 2
4910 1
2019 1
9588 4
2867 1
83 4
1128 1
3177 4
6453 4
6877 1
9513 4
9836 3
6704 1
2082 4
9033 2
1337 1
865 2
3511 2
1990 1
7076 2
9036 4
8326 3
9240 1
43 4
6045 2
1557 4
1439 1
674 2
7774 2
8637 2
7767 3
7747 2
2262 4
7788 2
8658 2
7543 2
9551 3
2251 2
7302 1
340 4
10073 1
3969 3
9477 4
591 4
8976 4
3651 3
9940 4
6485 4
4578 3
9615 3
7512 2
7726 2
6917 2
8203 2
1450 4
7426 1
4333 4
3780 3
3562 1
3928 1
6486 4
6088 1
1606 4
4735 3
4577 1
2578 2
7158 1
4625 1
9547 3
4693 1
4250 4
4948 4
10147 3
5670 2
520 4
3125 2
9539 4
3147 2
4853 1
4349 4
9587 4
3035 1
10118 2
3392 4
8136 4
8857 2
8827 1
375 2
7863 3
1887 2
7233 1
1737 4
9815 2
3926 4
7345 4
8379 1
6203 4
1945 3
4637 1
105 2
2902 2
9555 3
7665 2
3790 3
7744 2
9643 4
3775 4
6260 2
5922 1
372 2
3243 3
8618 1
4548 4
1762 2
6516 2
9501 3
96 2
2983 1
483 2
448 2
1975 4
8433 3
2526 2
7225 3
1080 3
6319 2
8336 2
6739 3
1822 4
6019 2
7280 4
4052 4
8473 4
4954 3
6510 2
866 2
9926 1
2909 1
5343 4
7149 2
3925 2
7800 2
248 1
4143 1
9468 4
6580 3
4535 2
6675 1
2194 1
2076 4
3408 3
489 2
2760 4
7817 4
7867 1
2908 1
6719 1
5655 2
4711 4
8127 1
2244 4
1334 4
437 2
1489 1
4221 1
4750 3
4057 2
8076 2
9070 4
1303 1
8758 3
6535 3
1574 1
919 2
1048 2
2772 1
6770 2
6009 1
2038 4
3268 2
6240 4
1878 4
9006 1
8551 1
3158 2
3154 2
3980 1
889 2
2904 4
7849 2
8500 1
4359 4
4062 2
2638 2
3267 3
8487 2
289 1
5079 2
6518 2
3386 1
7190 2
5473 1
233 3
256 2
3593 2
3077 2
4206 2
4934 1
8186 3
7833 3
6468 4
3207 1
8751 2
5580 4
325 3
3761 2
9866 2
4969 2
9339 4
8293 2
253 3
1774 3
2545 2
8602 1
8356 4
7484 2
8390 1
7609 2
3120 2
3308 4
3457 4
5251 4
4402 2
9589 4
8030 4
2400 2
196 3
3886 1
7965 2
7966 4
8300 4
2032 3
1873 1
1486 2
7431 4
2529 1
4060 2
7572 2
7611 1
94 1
1589 1
1610 3
3406 4
10064 4
3960 1
45 2
8696 2
2728 2
8663 1
8422 2
1294 3
3987 4
10117 1
3887 3
8615 2
7738 4
9046 2
5683 4
766 4
2951 4
3854 1
3817 1
3264 2
8682 1
9779 4
7330 2
6517 4
1639 1
3126 2
6724 2
3204 2
7317 1
9300 4
2710 3
495 1
9187 1
5008 1
8623 4
8907 4
2475 2
5812 4
9900 4
8194 2
6442 3
3579 4
6755 3
6874 4
9918 1
300 4
9623 4
3871 3
5656 1
8983 4
4208 4
6553 3
7152 3
1850 3
1391 2
4053 2
1670 4
1209 1
2698 4
7101 2
4882 4
2320 4
1867 2
8133 2
1521 4
8205 4
8045 1
2033 2
7785 3
4237 2
5780 1
5716 2
8251 2
7719 1
388 2
8325 2
6198 1
704 4
1317 2
9664 4
7576 2
5601 2
5495 1
7819 2
5642 3
3463 2
2069 3
5698 2
5487 4
7514 3
1786 2
3273 2
9383 4
3730 1
1942 2
7608 4
4980 2
3729 2
269 2
9949 3
8498 1
6605 4
4830 4
3336 1
10174 1
7588 3
9850 1
7232 2
855 2
4912 4
494 1
3306 2
25 1
1193 4
3185 1
4770 4
9901 4
1773 2
8023 1
4485 2
1134 4
7243 1
8875 1
82 1
2866 2
8096 2
7884 3
8285 2
5369 1
7448 2
4394 2
6667 4
2396 3
5041 1
8174 2
3852 3
98 2
5829 1
9731 1
2368 2
3296 4
8063 4
9709 3
1437 2
1577 2
716 2
7244 1
6227 3
7059 2
6125 4
117 2
7691 2
9879 4
9781 4
3378 2
9072 4
7561 2
3869 2
9208 4
2310 2
137 2
8970 4
5518 2
407 2
5637 2
7364 2
1842 1
3199 4
9938 2
4571 1
5845 4
4995 2
364 2
6927 4
246 4
3741 4
1840 1
5617 2
6385 1
8277 4
5534 2
5082 3
1125 2
1612 4
3954 2
9783 2
9422 2
5195 1
9924 1
6380 2
6091 2
6389 4
8866 2
7885 4
9786 2
2583 2
7685 2
6577 2
8399 2
7865 2
8254 4
1113 1
8772 2
1169 2
8639 2
1810 1
4530 2
8440 1
6641 2
9795 2
8681 2
6418 1
3943 2
2084 1
8512 2
1453 4
1182 2
6111 3
5746 4
5024 1
5593 4
4136 1
677 2
3669 2
3600 1
9855 2
594 2
5016 3
5871 2
1650 2
9774 4
9527 4
931 2
8669 2
207 2
2721 3
3288 2
7529 4
8839 2
6396 4
9287 4
7784 2
4469 2
8456 2
8894 2
7716 1
1654 4
4777 4
5639 2
3597 2
9534 4
1135 1
8077 2
7948 4
2013 2
6559 2
6815 2
7686 4
6894 1
8339 2
7655 3
4538 4
2364 2
3603 4
5727 4
2928 2
5835 3
4831 4
6996 2
6552 4
10167 1
8151 1
789 4
5199 1
1088 1
2413 4
4944 1
7569 1
5739 4
3444 2
3019 4
6504 4
6430 1
5242 1
3689 4
500 2
8312 2
8059 4
4070 1
4546 2
6531 2
8962 1
652 2
6597 3
6888 3
1818 2
4796 4
646 2
8508 2
4181 1
1824 4
4428 2
5398 4
4455 2
4795 1
8555 4
9908 4
8394 4
511 3
1335 1
8739 1
136 4
1215 2
2095 1
6137 1
742 1
1991 1
7923 1
5493 4
3538 4
5347 4
6168 2
3459 2
2972 1
5465 4
6651 4
7511 2
7653 3
1261 1
3833 2
9823 3
134 2
1835 2
2186 4
3183 2
3525 4
1474 1
7781 2
3454 4
3516 2
6270 2
4431 1
238 4
2593 2
4148 2
7926 3
9720 1
2612 1
5610 4
5466 4
7390 4
7400 2
5897 1
923 2
9579 4
2448 2
5933 2
9210 1
9932 2
4419 1
6695 1
5847 2
4216 2
3702 2
8011 1
7571 1
694 2
146 2
526 4
6119 1
2938 1
9884 2
9725 2
5039 2
1359 1
121 2
9183 1
8770 1
1714 1
5552 1
8968 0
5379 3
9830 1
2101 1
3367 2
6266 1
5797 2
7368 4
8083 2
7670 2
4174 1
3048 2
8632 1
4786 3
5153 1
5044 3
3736 2
9106 1
7451 4
9961 4
6487 4
4726 3
955 2
1389 1
6152 1
1555 4
5749 4
2389 2
4093 4
3968 2
7148 2
7703 4
1127 2
6644 3
5393 4
8842 1
6173 4
9116 1
374 2
5356 2
191 2
9718 1
7028 4
5825 3
9372 4
1749 1
8370 2
6593 3
485 2
3106 2
584 2
2046 1
9460 4
5460 4
7904 2
956 4
6526 3
8829 4
7263 2
5032 3
411 4
7123 2
3210 3
8862 3
2663 4
8655 2
3779 2
4159 4
2707 2
8158 2
5333 4
3428 2
9185 4
4806 4
1471 1
588 4
9743 4
5836 3
10164 2
3261 2
8581 2
6368 1
4507 3
7959 3
4906 3
651 2
4475 2
6386 1
2330 2
1312 2
8055 4
4986 1
8763 4
3109 4
6220 4
4473 1
4956 4
7202 4
7303 4
5925 3
3221 2
1180 1
3948 2
9001 1
5220 4
1370 1
883 4
7508 2
4902 4
88 2
210 4
3432 1
186 2
7496 4
3305 1
754 4
7336 1
6142 1
5191 1
3771 2
7621 3
6207 1
8998 2
5983 3
1720 3
7196 4
7214 4
5172 4
3911 1
4854 4
5250 1
3646 4
9840 0
806 2
3128 3
7794 2
5668 4
8573 2
7546 2
5599 2
7175 2
10019 2
3186 1
1985 1
7710 3
2318 1
332 3
5736 2
5557 4
900 2
6183 1
648 2
6037 3
4764 2
5283 1
909 2
1659 3
6296 1
918 1
493 4
1438 4
2429 1
8967 1
178 4
1369 4
8006 4
3497 2
5750 1
5806 2
3976 4
1106 4
2342 3
9230 2
7832 2
9595 4
204 2
4336 1
1743 1
5419 2
1270 1
9171 2
9610 1
7058 2
683 4
5954 4
1629 1
5077 2
1208 2
1738 4
1851 2
7574 2
9523 4
4434 3
3304 1
5293 1
868 2
8432 2
6166 1
7004 1
2865 2
2117 1
826 2
281 2
9910 1
1224 1
2337 1
8699 2
377 2
5001 1
9197 4
2080 4
3476 3
3168 1
6736 1
811 3
2126 2
446 2
3265 2
8626 1
4877 3
3717 2
792 4
3014 1
2208 2
1968 3
6022 4
1005 2
9054 1
4347 4
9512 2
3789 4
4016 3
940 2
348 1
8701 1
7663 4
5365 1
8608 4
5762 4
2350 2
7228 1
3410 1
7667 4
6508 4
7481 2
2093 4
7350 1
7759 4
81 2
4119 1
657 2
2435 4
5688 1
1488 1
4937 4
9705 1
5766 3
7928 2
7853 4
926 2
7114 1
9263 4
7411 2
1511 4
3568 2
7924 1
1360 4
4758 4
8423 2
7630 2
8712 1
2153 1
6608 4
3520 3
4002 2
2266 2
1025 1
4466 4
8377 2
3205 1
3867 2
3375 4
9039 1
3893 4
3561 2
2427 2
3331 4
3127 1
4870 4
9706 2
5404 4
2533 1
4426 2
837 4
8590 4
4435 1
4403 2
5708 2
9742 1
2916 4
6503 4
355 4
4118 4
6334 1
4425 3
3858 1
848 4
1959 4
2754 3
4573 1
2756 2
557 2
1484 2
2898 1
8073 2
4875 2
3056 1
5657 2
3849 4
4194 4
6367 1
3793 2
2670 4
4651 2
8115 2
561 2
6702 1
8185 2
9134 4
8750 3
9202 2
1679 4
3587 1
218 2
9825 2
10151 4
7171 4
2837 1
10028 1
7974 2
7981 4
6350 3
5622 2
7983 2
9679 4
9257 3
3303 2
3641 1
645 2
9716 4
10003 1
4860 1
6462 4
7187 1
6474 1
5263 1
7343 2
6981 4
427 2
4803 4
10004 2
4270 4
2259 1
3720 4
7264 2
5993 2
10081 2
2073 1
8536 2
506 4
9109 4
458 2
8609 1
5607 4
9041 1
2759 2
3043 1
8316 2
3699 0
6643 4
10016 1
10161 4
8923 2
8028 1
5830 2
6534 4
5504 1
4993 4
7583 4
5705 1
187 2
9674 4
2424 2
2976 2
10098 2
5510 1
7623 2
4230 4
719 1
122 1
4074 4
9138 1
9907 4
6536 1
9140 3
5160 4
4190 1
2218 2
4410 1
1194 1
6623 3
84 2
1482 2
5837 4
7024 4
2492 4
5154 2
9633 4
6878 1
7864 2
5720 2
5213 4
3345 4
4821 1
6050 2
1508 1
6076 1
6490 4
2588 1
9533 1
5350 1
8068 4
2882 1
3884 2
7797 2
2610 1
4353 4
4976 1
4427 2
3760 1
6071 4
9912 2
6121 4
5485 1
1189 4
795 4
945 2
9050 2
8350 2
5003 4
3329 1
6482 1
3190 2
9307 4
3634 2
3089 2
199 1
6798 4
633 2
2543 2
8863 3
5411 3
9069 2
5843 1
4450 1
4318 2
9243 4
424 2
4514 1
6400 1
5017 4
7796 1
6337 1
2199 2
1149 1
3294 1
8511 1
5022 2
5699 4
5942 2
1410 1
3293 2
6058 1
8700 4
1778 3
4246 2
7231 2
9796 2
2380 4
7538 2
1966 3
8457 1
347 4
4674 4
3910 4
7638 2
6055 4
5233 4
745 2
8927 2
2697 4
3560 4
1581 1
7292 2
7379 2
6310 4
9190 2
4154 1
8955 3
3866 2
8579 2
10008 1
9965 1
9578 4
3764 3
6214 1
5973 2
5632 2
5469 1
170 2
50 4
3443 4
4868 2
2010 2
4562 1
7476 2
4581 3
692 3
6004 2
4220 1
7705 4
2261 1
4501 3
9399 3
5944 4
3604 4
1733 4
1776 3
7739 4
505 2
7203 1
6429 1
2105 2
279 2
7274 2
7212 3
85 1
2499 4
655 2
8812 1
7562 2
8960 1
5380 3
539 1
508 2
2724 2
4894 4
6024 1
4661 4
9440 4
7764 1
3698 2
6501 2
5694 1
371 1
7709 2
7873 3
4626 3
4351 3
1382 1
7357 2
3050 2
1538 1
1490 1
10031 4
5659 4
7354 1
7014 4
6365 1
9011 1
5631 2
3396 4
4970 3
8165 3
897 4
847 4
5139 1
2577 2
5561 4
1546 4
7668 4
1560 1
7074 1
1192 2
2111 1
6811 1
6415 1
8930 1
5817 2
9970 4
8086 2
3659 4
9473 4
5917 2
4300 4
8636 1
6325 1
7777 2
6683 1
7878 2
8385 1
7504 2
2694 4
2873 4
3984 1
5400 3
9231 4
5065 4
7328 4
421 4
5073 1
5753 4
1434 4
5994 2
527 2
5664 2
3744 2
8956 1
2734 4
3276 2
2240 1
1760 2
2409 3
925 4
7818 4
4932 3
8126 2
1181 1
4776 4
9617 2
597 4
8844 2
9606 3
1412 3
1830 4
8386 1
932 2
7693 3
6905 4
4721 1
92 2
8740 3
1064 3
7757 4
3681 1
8797 3
6571 4
5924 4
4725 4
3164 2
1161 2
5124 1
6579 3
8545 4
7344 2
1479 3
8989 1
3846 1
5437 3
9502 4
7651 1
6231 1
2646 4
7821 2
10111 1
2415 4
8341 1
5331 2
9561 4
523 2
5432 4
7053 2
8559 2
1914 1
1103 1
2503 4
343 1
3769 4
5681 4
1319 4
1420 1
1800 3
4463 2
3103 2
9881 4
2196 4
5865 2
7991 3
6627 4
7737 4
1432 4
2141 1
10072 2
4667 4
2215 2
4874 1
8765 3
223 4
6694 2
3469 1
2804 2
459 2
3361 4
9234 4
8888 3
5161 1
4793 4
2487 4
9986 1
6864 1
7393 2
2649 3
2858 2
9012 2
8088 2
4751 4
7666 2
4167 3
4156 2
7371 1
7464 2
501 2
5290 4
5901 1
3883 4
9064 2
8118 4
6720 2
7040 4
9686 2
5207 1
8383 2
10120 3
9853 4
5648 2
708 2
9571 4
7754 2
7176 2
784 2
3932 3
4600 1
8261 4
2673 3
1957 4
2340 4
389 2
4556 2
4215 2
9216 4
2730 4
3151 2
5890 4
8397 4
6898 4
7890 4
1578 1
5528 2
4636 1
110 2
3921 3
9635 4
4866 4
4301 2
5208 2
2202 1
6714 1
4767 2
6673 2
5869 4
9441 2
1949 2
8526 4
8286 1
1030 4
7404 4
4362 4
2805 1
5731 2
6574 1
9007 2
3145 1
9241 4
2859 1
515 2
3324 1
4096 4
42 4
410 2
4219 1
7300 2
8167 4
4856 3
8008 4
4497 2
7971 4
9683 2
5913 2
9629 4
1311 4
5551 1
3805 2
5358 4
3767 4
4962 1
9165 1
481 1
9950 1
8643 1
9155 1
885 2
1384 1
952 2
6583 1
8120 4
8148 1
4506 2
3231 1
7700 4
6689 4
9946 1
262 2
6261 2
7998 2
1259 2
5964 2
10034 2
7601 4
2595 4
7671 2
9546 4
1174 2
1222 3
3249 2
5202 1
5438 2
5268 4
2632 4
6422 1
4452 4
4067 3
3684 2
9285 4
1413 3
2316 1
5279 2
4227 2
4570 4
5095 2
8944 1
9979 1
2181 2
452 2
1265 4
5120 1
7960 4
9570 1
5103 4
4168 1
2366 4
4730 4
2508 3
6044 1
8140 3
9353 4
6483 1
8334 4
1839 1
9848 1
4352 1
3750 2
4036 3
8674 4
2561 3
9056 1
2481 3
994 2
4974 1
3364 1
972 3
9954 2
8759 2
10043 2
8809 4
8429 2
265 2
5661 4
6496 4
6947 1
7720 3
5360 2
1416 4
2353 1
9894 4
3630 4
1628 1
7808 4
8081 4
4191 4
5317 3
6915 4
6098 3
6995 1
168 4
936 2
5078 1
3299 2
7875 2
342 4
9810 1
7805 2
4 2
6273 3
4271 2
6649 3
10127 1
7678 2
2542 2
5442 4
5144 1
5414 1
4317 2
9344 4
2024 3
1417 3
1570 4
10129 2
6783 3
8749 1
4203 2
6646 2
843 2
4281 4
3121 4
2992 4
5319 2
3536 2
834 2
415 2
8031 4
5717 3
1470 1
9586 4
9895 4
9962 1
9057 1
1517 1
9688 2
8950 2
910 3
9675 3
5428 1
1863 3
9896 3
9611 4
6781 4
4586 4
5811 4
3427 4
6107 4
5819 4
5558 4
5522 4
2874 3
435 4
8509 4
6040 4
853 4
9816 3
3398 1
5413 3
5674 2
9396 4
2255 3
6978 4
4941 1
8794 2
3801 2
9628 3
2067 1
1304 3
2967 3
9868 4
9061 4
1084 4
5591 4
622 2
1078 4
4114 1
3370 4
4047 4
4345 2
8375 4
2832 2
3773 3
3510 2
7741 4
808 4
9118 4
7916 3
9158 1
6375 4
293 4
9597 2
6290 1
4544 2
4865 1
7647 2
6965 4
4723 1
553 1
6070 2
9391 4
2947 3
6109 2
5895 2
3663 2
7298 2
807 2
562 1
9535 4
548 2
7641 1
8413 2
2493 3
6443 1
5475 4
1124 2
6420 1
2064 2
3314 2
5423 1
1284 3
1571 2
967 3
7069 3
9689 1
9182 4
90 3
9357 2
3235 4
8649 2
3880 1
6922 1
4354 2
1155 2
7775 2
2636 4
3934 4
8707 1
5221 1
6157 3
4541 2
5701 3
5519 1
1061 1
2945 1
2785 2
2387 4
5832 4
6081 1
9991 4
7708 4
9518 4
1787 2
9782 2
9067 2
5608 4
3079 2
4909 3
7249 2
9417 4
9200 2
5141 4
6569 3
9700 1
3372 4
237 4
8929 4
5468 3
8578 1
8352 2
1765 4
7532 2
5517 4
7478 2
1214 2
7276 2
3514 3
2999 2
5021 4
10106 4
8453 4
2821 2
5397 4
1493 1
7589 2
8845 1
7463 3
707 4
8836 4
4672 1
3313 4
8056 4
3912 1
3701 1
6521 4
6169 3
4805 1
3961 2
884 3
7605 2
51 3
5292 4
7838 4
8064 4
2068 2
7877 2
2384 3
5074 4
2332 1
1094 4
5222 1
10170 4
6658 1
4234 2
5004 4
7105 4
8553 3
8378 4
7845 1
8248 3
8729 4
9741 2
6114 4
7509 4
4029 2
3051 1
1122 3
6754 2
3220 4
9601 1
664 4
126 2
6842 4
9436 3
4103 4
7811 4
3242 3
2913 2
1591 1
1016 2
7480 2
4421 1
3341 4
4745 2
6707 3
2419 1
4126 0
6797 2
5989 2
159 4
8437 2
529 4
174 2
9376 4
9607 4
3965 4
1534 2
8209 2
4521 1
6338 4
3930 1
3578 2
7582 3
9152 0
5757 4
7313 2
9094 4
244 4
3915 1
7365 4
6237 4
6259 4
9911 3
9373 3
2143 4
10005 2
9413 2
6845 2
4123 4
368 3
4398 2
1331 4
312 4
1292 2
6130 4
7595 4
3178 4
939 2
6914 1
9236 4
7711 3
7945 4
1070 4
2225 1
31 1
4357 1
2732 4
8969 3
1594 4
6634 3
2205 3
7970 2
6315 4
4596 2
6529 4
382 2
7968 2
10033 1
5378 3
4918 4
2216 4
6751 1
556 4
6967 4
9136 4
2662 4
5826 2
9993 4
8426 2
7033 2
2877 2
5693 3
7444 2
9507 4
3209 4
5718 2
4430 2
5104 3
7015 4
7749 4
7516 1
1285 2
5143 3
4807 4
3394 2
3196 2
3766 2
6544 4
2442 2
8785 1
5427 1
7403 2
326 3
1166 2
7077 4
3623 1
7039 2
3583 4
2771 4
1045 3
9969 4
4249 4
4927 2
899 3
1038 3
6103 3
9019 4
7828 3
2767 4
3053 4
3481 4
8283 3
7086 1
6115 4
2977 2
124 2
2962 4
9160 4
2021 4
8994 2
9998 3
40 2
6335 1
5508 1
9416 4
8305 2
824 2
3645 4
4961 4
4319 3
2666 4
6035 2
1277 4
288 2
71 4
4631 4
9478 3
8122 4
5149 2
9065 1
5547 4
4837 3
7952 4
6640 2
2643 1
1784 1
3570 2
3548 4
7939 2
7881 1
7311 3
7531 2
2956 2
7332 2
4212 4
3512 2
10051 2
1352 2
10076 2
5828 2
6648 1
5470 4
10158 2
10149 1
10036 1
4303 1
416 2
1638 2
4510 2
886 2
5616 4
5126 1
5171 4
7341 4
7295 3
6006 4
1561 2
7157 3
8486 4
1377 1
4920 1
6401 4
2687 4
538 4
9698 1
1972 4
7113 3
10009 2
3751 1
9721 2
252 4
1330 1
4180 2
9612 4
401 2
8168 4
1836 4
1678 4
6426 3
5482 1
8856 1
3137 4
4015 2
7250 4
10037 4
6381 2
2252 4
9734 4
8492 2
4025 3
2574 1
4235 3
7342 4
781 3
8883 2
3554 4
8024 2
5986 1
5498 2
5984 4
9375 4
5855 4
2147 3
5272 1
8885 4
8835 3
8084 4
6786 4
2517 4
403 1
8428 1
2849 2
6362 4
9951 4
6808 4
4928 4
4165 1
6322 1
1831 4
7521 3
6383 4
2528 2
2777 4
5824 2
8333 2
4199 4
8598 4
1528 2
9272 4
7544 2
4679 4
2403 2
3652 3
5464 1
2372 3
2911 3
4843 3
464 2
6250 4
1227 4
224 2
1663 4
954 4
8332 2
4290 1
9565 4
6215 4
443 4
1924 4
5248 2
3837 4
9997 4
1604 1
7054 2
5600 2
2991 2
592 2
9488 4
10092 4
2961 3
4899 1
8834 1
2382 2
7628 4
9599 4
3518 2
4042 2
6505 2
4384 4
2534 1
2819 1
197 3
3551 2
8190 2
1895 1
3813 4
10024 4
6935 2
9671 2
10177 4
1916 1
4356 2
7224 3
7286 1
9505 4
7432 2
9340 4
1998 1
4997 4
8804 4
7634 2
6484 4
2927 3
2539 4
10176 1
2831 1
2748 2
2788 4
7673 1
3179 4
6405 3
5634 2
7614 4
1454 1
4585 4
2473 4
1969 2
313 1
8668 2
7802 2
5573 2
2381 4
7454 2
4634 4
8518 1
8914 1
4032 2
4630 4
5764 2
1051 1
5409 4
1160 2
4591 4
1898 3
2774 4
5684 3
1171 2
6982 4
6021 4
7329 2
983 2
1247 4
5808 2
8838 3
4013 2
7142 1
3621 2
629 4
1814 2
4279 4
7079 4
7238 1
4864 2
4617 4
7840 4
5463 3
175 4
1367 4
5064 2
8540 4
2022 4
3749 3
4981 1
1797 3
10055 1
8225 2
7732 4
9002 2
8147 4
4155 4
7326 2
6670 2
4355 1
6202 1
1662 2
1315 4
5364 3
5387 4
3161 2
3687 2
2672 3
7631 2
2527 3
2560 2
8319 2
3628 2
6128 1
3890 3
1897 4
5355 4
4201 4
413 2
7920 2
52 2
2217 4
768 2
6692 4
2222 4
4418 1
8999 4
9933 2
2597 2
1902 2
41 2
5956 2
2783 4
6852 3
5166 4
2295 1
2130 1
4547 1
6438 1
10123 4
8066 4
9981 2
543 4
5005 4
6343 1
9419 4
1266 2
5544 1
3115 4
1595 3
8173 2
6147 1
2519 4
9873 2
10002 2
10094 4
3489 2
9009 3
1903 1
9245 1
6985 4
350 4
8642 1
9772 2
5603 2
819 2
6295 4
7559 3
4163 1
1366 2
8957 1
8840 4
9484 4
8206 2
3605 2
1295 4
988 1
3290 4
1527 2
1768 2
8877 3
2065 1
7145 1
1239 2
2012 2
9877 4
6672 1
8464 4
1754 2
9619 4
9429 4
1256 4
9616 2
1200 3
9 4
9581 4
4603 4
2822 2
5117 3
7591 2
9865 4
9126 4
80 2
6403 1
7182 4
2693 4
7937 2
8535 4
1397 4
5285 4
6371 1
7420 3
6099 2
2628 4
2603 1
8331 4
4953 1
2197 3
6052 4
8958 2
2605 4
5618 3
4164 1
2949 3
399 4
5449 1
8149 3
6976 4
9438 4
2870 1
5118 4
95 1
6847 4
9034 4
1052 2
1701 4
5295 3
1158 2
1516 4
9695 2
6722 4
1626 2
2516 1
4343 3
7135 4
4671 1
353 1
8691 4
9071 4
9226 3
5227 2
7978 4
34 2
2198 2
5565 2
7994 4
5313 1
2627 4
5602 2
8807 1
8401 3
123 2
4505 3
7985 2
1736 4
15 1
9902 1
2296 1
7304 3
1275 1
3667 4
987 1
2138 4
4563 2
9112 4
6140 4
7229 4
9469 4
8995 4
9759 4
4348 4
6762 2
8656 1
4891 1
8596 2
3632 2
5483 4
8242 4
2623 4
619 2
714 2
9042 2
6271 4
1187 1
1993 1
8137 2
1613 2
4822 2
3818 4
2465 4
9354 4
8516 3
6738 2
4828 1
1310 4
9461 4
3335 4
3343 4
3270 1
6735 2
7610 2
9694 3
3673 4
8938 4
4621 4
2070 1
631 2
7102 4
3756 2
1790 2
8562 1
1838 3
2596 4
3301 4
4564 4
3918 2
9267 4
1660 1
8184 2
5789 4
4255 1
3257 4
6120 2
9580 4
8156 4
4322 3
959 2
9148 4
8039 4
157 2
9090 1
5445 4
2881 2
447 1
10083 1
2322 4
9196 4
8549 1
5265 4
2159 4
5028 1
9305 2
2248 2
1131 4
9321 2
263 2
721 2
6812 4
5376 2
5029 1
9233 4
6957 2
5368 3
5180 1
9517 3
7717 4
7372 4
7257 3
6436 4
9315 1
8229 4
4102 1
3865 4
600 1
64 2
3668 2
3393 2
9346 4
2447 2
5175 2
5745 2
991 1
1915 2
3165 2
9442 2
9957 4
8448 1
6160 4
2371 4
1100 4
7799 2
5864 2
8009 2
6502 1
729 4
2833 2
363 1
7835 4
4117 2
7967 2
5011 4
7812 4
2483 1
3989 1
1816 4
6452 1
1178 4
1398 2
6083 2
1217 4
1288 1
3919 2
7377 4
7803 4
1866 2
8157 3
2102 4
681 4
1805 1
3222 4
2326 4
4946 1
9143 4
7141 2
4175 4
8145 3
284 1
5009 2
8434 3
3841 3
8538 2
4366 3
5330 3
1316 2
542 2
8784 4
8881 4
5125 1
8689 2
7144 3
5874 4
4522 4
3953 4
4835 4
7221 4
9273 4
5963 4
6554 4
1941 3
7619 2
5732 1
9110 4
2061 1
747 4
7169 2
3369 4
4344 4
1853 3
8678 4
8382 2
2299 4
530 2
9531 4
3895 1
7734 4
3733 4
7519 1
145 2
8723 1
5742 2
9526 3
6143 1
5896 1
6590 4
3555 2
8159 4
817 2
5887 4
8859 4
8560 1
3381 2
3174 2
4614 3
7672 2
2423 4
5278 4
227 3
9055 4
2620 4
7675 3
6690 4
748 4
5521 2
4035 1
2568 2
3152 4
2729 2
7701 3
9637 4
1556 4
9156 1
8067 4
7687 2
5848 2
6026 4
8354 2
3594 4
743 2
4293 1
2741 4
3637 4
2922 4
502 4
5936 4
9509 2
3874 2
9380 4
1632 4
58 2
5690 4
4504 2
8778 2
2416 1
4849 1
9363 4
8517 4
688 2
6302 4
1358 2
423 2
2170 2
4584 4
48 2
9659 4
4197 1
183 4
9943 4
3383 1
1172 4
2028 4
6804 3
8465 4
726 4
4705 4
4495 4
7442 3
4531 4
744 2
4490 4
3226 4
6524 1
1408 2
1580 1
5494 1
6872 4
9119 1
7962 2
2075 3
4326 1
7070 1
6963 3
9414 4
7839 3
6660 4
8335 2
4396 4
4720 1
7731 3
5167 2
3719 1
6156 4
2104 4
1950 3
1372 4
1693 3
1097 2
7542 4
3812 4
4748 4
8675 3
8767 2
4576 4
7441 2
8100 2
3781 2
195 2
794 2
2631 4
429 4
4890 3
6028 4
2345 2
7154 1
3692 4
3150 4
718 2
9608 2
4794 1
1676 2
1928 2
9439 4
6186 4
5477 4
5918 2
5700 2
4054 1
1769 2
9999 4
6884 2
8552 2
6645 1
7829 4
9026 1
3018 4
4816 1
531 4
8909 1
1286 4
5115 4
4587 4
6666 3
10136 2
4079 4
308 2
1704 3
5962 4
7913 3
4800 4
5860 4
10052 2
6106 2
7616 3
3742 4
2370 4
1487 4
1770 1
9434 2
7768 1
6333 2
9826 3
2083 1
8687 3
2056 4
2573 1
1872 4
771 2
9863 4
6801 4
3352 3
5418 1
55 2
6696 1
9043 3
5092 1
5210 1
8547 1
5135 1
2752 2
8568 4
6112 1
6046 1
1445 2
3442 4
6307 4
9311 4
9133 2
3822 4
782 2
7382 3
5421 4
3100 2
77 2
1244 4
3188 1
2233 4
4278 4
7502 2
7692 3
1418 4
6104 4
5730 4
8075 2
6591 4
809 4
9521 4
7895 2
4476 3
874 2
575 2
454 4
6652 4
8660 1
6576 1
5370 1
8824 4
4604 4
5671 4
4264 4
1656 4
6477 4
5554 4
398 4
5884 2
6481 3
617 4
2665 3
6082 1
8141 2
4575 2
2619 2
7333 4
9325 4
1724 2
4065 4
8654 1
1712 4
2190 1
3850 4
4378 4
6831 3
4595 4
9711 1
661 1
391 2
8900 4
642 2
4439 1
2397 2
5083 4
1552 4
2071 4
705 2
3180 2
2005 4
189 4
820 4
1273 3
8449 2
3206 3
2051 3
770 2
9122 3
3715 4
10142 2
2917 4
6545 3
2924 1
1341 1
5999 4
5654 4
3030 4
6317 4
695 4
521 2
3289 2
4205 4
2640 2
1477 4
8282 4
283 3
1607 1
4109 2
367 3
3711 4
9574 4
8182 4
2053 3
8043 2
9487 4
941 2
9624 4
6997 1
547 2
8600 4
1657 1
6003 2
4364 3
4838 4
6460 4
8494 1
4462 1
2328 4
746 2
9878 1
7640 2
1095 4
7874 2
5930 2
9771 4
1233 4
4066 4
8719 4
906 4
2042 3
5909 3
4526 3
1473 2
9426 4
7312 2
7934 2
6706 4
1375 3
7197 4
3377 1
6944 3
1220 2
10030 4
9408 4
2736 2
9111 2
5307 3
5014 4
2479 4
8447 4
6807 2
8048 4
7008 2
8599 2
1665 4
4825 1
1328 4
3318 2
6397 1
5327 2
1290 4
6108 1
1031 1
2178 2
5875 4
1262 3
6101 4
4646 4
9843 1
482 2
8805 4
2970 2
3938 4
1801 2
2864 2
8180 3
4542 4
4169 3
5696 1
6994 1
9974 4
2963 2
8799 1
9545 4
8402 4
3326 4
5081 4
9326 4
7247 3
8108 4
2099 2
7977 4
5410 1
1242 4
4358 2
3426 4
4697 1
9374 2
8811 4
9947 3
6883 4
3533 4
5938 1
9554 4
8949 4
6942 4
2556 4
9427 4
2050 2
1011 1
1550 1
6867 4
2043 4
4964 4
5725 4
3649 3
1918 2
3069 4
4619 4
3107 4
869 2
892 3
1405 2
5377 4
10119 2
1091 2
1207 2
4187 3
7388 4
5363 4
2110 1
8756 4
3762 1
3679 2
5429 4
172 2
5102 2
4012 4
5101 1
3197 4
1431 4
4609 1
1837 3
7064 3
3380 4
3491 1
8506 1
1551 3
4817 3
5849 2
7030 4
1874 1
9676 3
9930 2
7352 4
3979 2
4678 4
7563 2
8534 4
985 1
2853 4
8119 3
8104 4
1727 4
8781 3
9576 2
6918 2
2854 4
9566 3
10070 1
6840 2
5719 4
7384 1
9971 4
5908 4
751 4
4198 2
3640 3
551 4
4583 1
5096 1
5324 3
7766 2
1598 4
5059 2
8314 2
6697 4
9335 4
8558 1
8688 2
7132 2
9433 3
528 2
6908 4
5505 4
4173 4
7677 2
7976 2
5786 1
3738 2
7555 4
6095 3
3656 2
1138 4
4791 2
6242 3
394 1
4801 1
891 4
3108 4
6448 4
9483 2
5800 4
8908 4
5405 4
8524 4
8990 3
7208 4
5395 4
2459 4
7080 4
7697 2
8937 3
504 4
4313 2
10099 2
4129 4
3353 2
4757 4
6749 2
7116 3
291 1
171 1
2169 3
9532 2
5299 4
7944 4
4788 4
4043 4
772 2
3955 4
4857 4
247 2
6339 1
2801 4
8003 4
7975 2
7852 2
4108 4
1647 4
6033 4
9277 1
8187 2
858 2
8977 4
1274 3
8606 3
6304 4
8348 4
352 4
1526 4
8046 3
6782 4
5080 4
5526 4
7027 4
2254 4
7047 4
6086 2
3906 4
7613 1
6499 4
4892 4
6863 3
3933 4
1105 4
6962 4
5090 3
570 4
5027 1
2315 2
6014 2
3295 4
5183 4
7715 3
3228 4
2798 4
4827 4
2941 4
3248 1
4417 2
4747 1
1179 2
5063 3
2841 2
1003 1
1332 3
6176 2
9691 4
9905 4
9425 4
3714 1
1433 4
1393 1
6236 1
6890 4
2521 4
4024 4
7696 4
2802 4
6206 2
5388 3
6092 3
5121 4
166 2
2 4
2404 2
299 4
4232 2
8070 2
9223 4
2154 2
8622 4
4702 1
7240 1
6233 4
9914 2
9093 3
3076 2
5588 4
309 4
10039 2
7230 2
4551 1
5441 3
8879 1
8163 4
8685 1
1705 3
6150 4
2124 1
2470 2
6902 4
7056 2
7950 2
3049 2
63 2
1234 2
7446 4
5818 2
606 4
8710 1
4061 1
5531 2
259 2
8854 1
4889 1
9804 3
6344 1
3683 4
9622 4
9114 1
444 4
8529 1
2653 3
1977 1
1681 2
68 2
6041 4
7765 4
1040 2
3099 4
8454 1
2436 4
16 4
4528 3
5851 4
1775 2
7046 2
4675 2
395 1
2453 4
838 4
8475 4
320 2
4486 2
3882 1
2720 4
3063 4
8711 4
5338 1
239 2
8843 4
6913 4
785 4
295 1
1357 2
9777 4
7061 4
3598 4
6953 2
4690 4
5572 4
8941 2
8667 1
1624 1
213 2
3015 3
285 3
3777 4
3567 4
2274 4
9845 4
1132 4
6522 4
3156 4
6252 4
7485 4
6716 2
8439 2
2317 3
3949 2
2895 4
4512 4
8792 4
8353 4
5748 1
5678 2
7903 4
3417 3
5640 1
4513 4
8706 1
2008 4
1917 4
7743 1
3486 4
3390 3
3041 4
9491 4
5905 1
7746 3
1820 2
8683 2
4498 1
249 4
2634 2
546 4
7735 4
700 4
7722 2
4938 4
8815 4
4112 1
8243 2
1954 4
9707 4
9572 4
198 2
4487 1
5067 2
7103 4
2276 4
7552 1
7713 4
8130 4
2057 3
3691 4
8411 4
4703 4
2011 1
7314 2
1299 2
4245 1
5492 4
9430 4
115 2
4329 4
9172 4
5707 4
8238 2
8855 4
7437 2
4502 4
5553 4
5923 2
6222 4
4654 4
2377 4
6585 1
9188 4
4222 4
1791 4
3957 1
6602 4
152 4
9972 2
9945 1
5258 2
10018 2
1668 2
9582 4
9681 3
1115 2
5280 4
9127 4
4046 4
7520 4
3580 4
5111 4
9153 2
3214 1
9920 4
9381 4
9682 1
4939 4
4272 2
9137 1
9620 2
3202 4
2048 3
6312 2
616 4
9562 4
850 4
2575 4
9872 4
5803 4
3539 2
8451 2
2950 4
4252 1
8801 2
6654 4
2998 2
9809 4
3275 2
1518 4
3354 4
9249 4
1283 2
418 2
9151 1
6255 4
2875 2
1098 4
2133 4
3057 4
4224 4
7654 4
1066 1
2357 4
6834 4
6451 4
3044 4
7100 2
6686 4
1327 4
9851 4
9536 4
9893 4
3985 3
6991 2
3065 4
663 4
1478 2
6444 2
2975 2
2311 1
7374 4
5270 4
7205 4
4037 4
7339 2
5057 4
2890 2
6048 2
7139 4
1909 4
6592 4
5249 4
2944 3
8094 2
3009 2
4753 4
2171 3
9175 2
7217 4
1869 2
9602 4
9537 4
10045 2
6607 2
4823 3
3005 2
734 2
3217 4
2572 1
4737 4
9395 2
8893 4
4008 4
1196 2
3036 4
9538 4
8197 4
6264 4
1381 4
7773 2
1231 1
2946 2
3509 2
1868 2
6757 4
9141 4
3250 2
1500 2
9220 4
8732 4
2137 4
9662 4
5646 4
5804 4
3322 3
9556 2
9575 4
2566 4
3834 4
131 4
9099 4
1644 4
810 4
8519 1
6126 4
6993 4
9205 4
3453 4
3836 3
6838 4
9421 3
3810 4
1766 4
9553 2
8697 4
4967 4
7901 1
4068 1
6392 4
1858 2
2624 4
1436 4
8376 1
3292 3
258 2
8764 3
6833 2
4879 1
7394 3
7099 2
3136 4
9238 4
3198 1
305 1
6480 4
7525 4
1074 4
7118 4
6776 2
5724 4
9147 4
1563 4
112 4
8911 4
8284 2
3104 4
4040 4
5733 4
7507 2
930 4
7787 4
5629 3
1636 4
764 2
7219 4
9092 2
8798 1
9418 4
3754 4
9265 4
8966 1
979 3
4704 4
5277 4
6262 1
4172 1
1609 3
9638 4
1545 3
6374 4
5589 4
8090 2
4676 4
2702 4
2852 4
7366 2
9573 4
2155 1
6167 2
7907 3
2449 4
5274 1
1744 1
639 4
6345 4
491 2
4739 4
7997 4
3300 3
7097 4
7683 3
7287 4
9500 2
6015 3
3763 2
802 3
129 2
1599 2
8753 4
8490 4
6331 3
9291 4
2817 4
9347 2
610 2
1759 2
2179 2
101 2
7596 1
30 4
8095 4
10060 1
294 3
7215 4
2750 2
6653 2
9613 4
1313 2
4968 4
7684 2
8647 4
1671 4
8523 2
9899 4
4130 4
4804 2
5455 4
750 2
537 4
5838 4
2657 4
1348 1
1449 4
154 4
9593 4
7551 4
1987 4
4846 4
1888 1
9424 4
450 2
6907 4
10173 1
7150 2
7035 4
6471 4
8103 4
2635 4
2100 2
5615 2
5814 4
9303 4
5099 4
3563 4
6916 4
9480 4
2786 4
8065 3
8925 4
9604 4
3297 4
2876 3
4383 3
5711 4
2570 1
1504 3
1380 4
4650 1
6732 3
4091 4
8716 4
7466 4
7016 4
9154 4
4132 3
839 2
6848 4
7501 4
93 2
1567 4
4254 4
2157 4
8953 4
3710 4
99 2
5996 4
9952 4
623 2
8016 2
70 2
2132 3
6393 4
7550 3
1965 4
5435 2
2017 1
9486 4
1141 4
6871 4
3359 4
36 4
10131 4
864 4
3596 4
5974 4
296 2
5660 2
315 2
8846 4
8563 1
7649 4
5740 4
3122 4
3285 4
3219 2
9793 4
2682 4
2564 4
7383 2
1426 3
1047 4
7297 2
2343 4
8557 4
2990 2
2661 2
4999 1
3310 2
3878 4
7530 4
10124 4
5831 4
9820 2
3245 4
2139 4
1238 4
1847 4
7933 4
5155 4
8106 4
1087 4
6550 4
5070 4
4771 4
4743 4
9142 3
1605 3
7660 4
6497 4
72 4
8610 2
7098 4
5163 4
1202 4
7792 4
8183 3
6507 2
6332 4
3384 4
7656 3
4073 4
7490 4
3073 4
4415 4
823 4
6466 3
2531 4
2581 4
7349 1
773 2
8896 1
5362 3
7090 3
5367 4
10065 4
3420 4
701 4
3617 4
3192 4
2626 4
3616 4
7927 2
6511 2
5440 2
2351 4
1271 4
8483 4
4010 4
1451 2
7065 3
9787 1
6581 2
6969 2
10063 4
3505 4
9666 4
1108 4
1783 4
4081 4
10049 4
8358 3
5645 4
1333 2
7134 3
1870 4
7162 4
6020 4
6211 2
1772 4
60 4
4921 4
7801 4
1219 4
10140 4
6205 3
3971 4
6131 3
9871 4
5436 4
7627 4
3608 4
1378 2
3546 1
422 2
2549 4
8292 4
5533 4
7969 3
4299 4
6685 2
4391 4
1112 4
8306 2
1458 2
5906 3
9024 1
9227 4
4137 1
2826 4
2183 4
9829 4
7281 4
9410 4
5796 4
7955 4
9189 4
5967 4
6699 4
5066 3
7289 4
2210 4
9640 4
8256 4
4461 4
3254 4
3821 4
2434 4
7506 1
9609 4
8738 2
5868 2
3123 4
7455 4
2787 3
9788 2
996 4
3519 3
6303 4
7938 2
9312 4
7285 4
4940 4
2281 4
1409 4
7996 4
5308 4
6897 4
9833 4
4092 4
5012 2
3610 4
6063 2
5133 1
4789 4
4097 4
7527 4
9995 4
6829 4
3455 4
2738 4
9364 4
9329 4
3571 4
5403 4
4698 4
6089 2
554 4
3914 4
6626 2
2113 2
3797 4
960 2
7392 1
630 4
3230 4
6512 4
9003 4
5898 4
9164 4
9590 4
3424 4
10133 4
3704 4
8112 1
5673 4
8195 1
9157 4
4749 4
6309 4
9749 4
4471 4
2142 4
4033 4
9482 4
7447 3
4399 4
3323 3
725 4
845 2
3695 2
3124 4
5692 3
7537 4
5844 4
9361 2
5859 4
739 2
7389 4
581 4
6127 1
6012 1
6606 4
10048 4
280 4
6548 1
9471 4
5751 4
6218 2
1191 4
6113 4
8867 1
703 4
6979 4
4320 4
4965 4
5443 4
3082 4
8408 2
1237 2
5219 2
6793 4
1522 2
3964 3
4467 4
6828 4
7425 4
2964 3
6775 4
544 2
1741 4
7026 2
672 2
2282 4
4662 4
7622 4
7780 4
6717 4
6514 4
9835 4
5105 4
5587 2
948 4
2994 4
9677 4
381 4
9356 4
3783 4
6839 4
9887 3
9723 3
9750 4
9514 4
8993 4
3967 4
9420 4
7043 4
7006 4
9738 4
6873 4
2014 1
5056 4
1012 4
1020 4
10125 2
2601 4
9447 4
6378 4
7505 4
7809 4
329 4
470 4
9634 4
4925 4
3606 4
2644 4
4330 2
3096 3
1177 4
1466 2
1139 4
1777 4
6478 3
3101 4
8220 2
4214 4
4291 4
2302 4
571 4
6457 4
7500 4
4162 1
38 1
2622 3
6924 2
5053 4
1492 4
1687 2
1912 1
3894 4
9528 3
5048 4
9348 4
1980 4
6226 4
6406 4
5801 4
6728 4
3809 4
4375 4
7847 4
9803 4
9293 4
2719 4
5889 4
8361 4
7645 4
6596 1
4368 2
182 4
5802 4
9113 4
5644 4
5782 2
4933 4
9322 4
133 2
9316 4
5232 2
345 4
5259 4
9765 4
2140 4
3171 3
1933 4
9350 2
3319 4
3425 4
6639 4
7979 3
3891 4
1802 4
2567 4
812 4
10053 4
7198 2
970 3
9880 4
9665 4
2731 2
2227 4
2696 4
4107 4
404 1
9266 4
4515 4
6668 4
3973 4
7262 4
3697 1
7648 4
2103 4
3365 4
4468 4
3740 2
6900 4
3889 4
7973 4
2569 4
711 4
7412 4
3970 4
8047 4
6431 4
6599 4
3993 1
9378 4
722 4
7146 4
9735 4
6437 4
962 4
4708 4
6948 4
6281 4
8310 2
2145 4
4718 4
8080 2
9044 4
7909 4
9699 4
8311 2
436 2
6358 4
4897 4
4280 4
7433 2
4470 4
4813 4
409 1
8113 4
7218 4
5430 4
3233 4
9278 4
9167 4
6816 2
8628 4
6402 4
9867 4
9214 4
9299 4
1394 1
4019 4
9819 4
7947 4
10022 4
9327 4
3415 4
4095 4
10038 4
4958 4
5652 4
9744 4
9371 4
4572 4
7906 4
3722 4
1692 4
8109 4
9649 4
14 1
4599 4
7825 4
6154 4
4898 4
1688 4
2462 3
5054 4
10126 4
4569 3
316 4
8462 4
4105 4
4456 4
6146 4
9107 4
2614 4
3002 4
9406 4
9503 4
6628 1
882 4
3094 4
9235 4
2000 4
2699 4
5861 4
3271 4
3774 4
1798 4
4390 4
9498 4
8502 4
2060 4
3456 4
2892 1
5186 4
9330 4
8013 4
2375 3
9368 4
4429 4
3709 4
1502 4
5525 4
4878 4
5486 4
3909 4
2288 1
5381 4
4787 3
5371 4
2234 4
3660 4
1894 2
512 4
5981 4
9337 4
6008 4
7161 4
3320 2
2212 4
5928 1
1767 4
5779 4
3269 2
929 4
5834 3
161 4
282 4
1963 2
6974 4
6061 4
2514 4
111 4
405 4
2127 4
6068 4
7635 4
4977 4
2541 4
1459 4
4665 4
1788 4
9318 4
3796 4
9095 4
4536 4
6889 4
9076 2
9103 4
9475 4
6879 4
6321 4
9639 4
816 4
2803 4
3461 3
6423 4
3284 4
8808 4
8257 3
3650 4
1165 4
3677 4
2402 4
7486 4
5892 4
9308 4
7918 4
6051 4
4729 4
4736 4
3682 4
6469 4
3498 4
4499 4
9627 4
5209 4
9956 4
7772 4
10121 4
6254 4
2647 4
2456 4
3885 4
7347 4
9650 4
668 4
2692 4
4116 4
2482 4
980 4
602 4
1576 4
1363 4
7461 4
8162 4
9437 4
3658 4
6861 3
8612 4
536 4
8315 4
9982 4
2993 4
4942 4
5971 4
6595 4
908 4
8099 4
498 4
6737 4
202 4
3244 4
8780 4
10150 4
1465 3
5877 2
7891 4
5045 4
3201 4
5854 4
9080 4
7815 4
2376 4
2609 4
3479 4
7758 4
44 4
1796 4
6941 2
169 4
6975 4
6778 4
9038 4
6911 4
9660 4
9668 4
7644 4
2428 4
6122 4
6495 4
5392 4
1049 4
8650 4
3138 4
3996 4
6835 4
2293 4
3728 4
9132 4
9334 4
9251 4
1592 4
5034 4
3110 4
6910 4
1706 2
2607 4
8583 4
149 4
7470 4
4799 4
7629 4
7248 4
8982 4
8128 4
4365 4
4444 4
7456 4
4218 4
3382 4
346 4
7851 4
9405 4
7699 4
1176 4
9336 4
9030 4
6493 4
9479 4
6489 4
1669 4
10040 4
6275 4
5049 4
7106 4
4714 4
4006 4
4491 4
8591 4
9563 4
1661 4
4179 4
3086 4
2686 4
709 4
3274 4
4574 4
6034 4
2829 4
8730 4
5867 4
9558 4
5862 4
762 4
1118 4
10107 4
10078 4
5339 4
7956 4
3674 4
5881 4
4881 4
4134 4
9654 4
6249 4
6409 4
2361 4
9492 4
4325 4
1618 4
3251 4
4635 4
9270 4
6542 4
4845 4
7340 4
5257 4
4489 2
6069 4
8218 4
4616 4
1514 4
6193 4
8132 4
2363 4
9882 4
9052 4
1067 4
7324 4
3828 4
7637 2
4020 4
6870 4
9862 4
4101 4
8160 4
9404 4
6659 4
2412 4
9520 4
8253 4
5417 4
2742 4
9834 4
4477 4
7472 4
6615 4
2691 4
9242 4
3615 4
3309 4
7694 4
5612 4
3832 4
5348 4
7842 4
4640 4
3905 4
2298 4
6664 4
6866 4
9806 4
2751 2
7580 2
4611 4
8035 4
1622 4
9066 4
2486 4
267 4
1404 4
8782 4
9846 4
6525 4
9752 4
8619 4
9032 4
6774 4
5434 4
2675 4
1771 4
3102 4
2585 4
6519 4
3947 4
3259 4
9922 4
9626 4
1911 4
1751 4
1666 2
2052 4
8001 4
3718 4
6756 4
2633 4
9839 4
3371 4
7319 4
4178 4
5058 4
7299 4
641 4
3633 4
8604 4
2421 4
9282 4
9360 4
10137 4
1829 4
723 4
5439 4
6960 4
9306 4
5912 4
1926 4
8652 4
8769 4
4361 4
4645 4
8580 4
4815 4
1344 4
4104 4
9648 4
3564 4
9261 4
6527 4
4285 4
9493 4
2430 4
7843 4
8000 4
5352 4
7992 4
9281 4
2968 4
5137 4
4369 4
4790 4
2677 4
3062 4
6498 4
2207 4
3827 4
662 4
4695 4
341 4
8595 4
1764 4
8996 4
7844 4
9655 4
9021 4
8403 4
9462 4
8258 4
6488 4
7092 4
9085 4
8010 4
5031 4
6869 4
3387 4
10079 4
6968 4
3819 4
7650 4
9858 4
277 4
6285 4
4589 4
4459 4
8653 4
8680 4
8179 4
1000 4
4479 4
763 4
6425 4
8362 4
8007 4
6923 4
5675 4
6341 4
9625 4
3373 4
3412 4
9892 4
4550 4
6671 4
9522 4
8892 4
5112 4
1114 4
8588 4
4957 4
8550 4
4888 4
5408 4
11 4
8272 4
1495 4
9209 4
5722 4
9082 4
5271 4
7941 4
7492 4
9338 4
2438 4
9960 4
9101 4
5737 4
2735 4
4482 4
9644 4
4376 4
9963 4
10017 4
9560 4
9557 4
2901 4
8768 4
9658 4
4903 4
3672 4
9913 4
2598 4
9237 4
9958 4
6613 4
9667 4
8396 4
7457 4
1930 4
3904 4
7117 4
2784 4
3700 4
456 4
3977 4
7414 4
5496 4
2506 4
2504 4
6882 4
7104 4
7929 4
9756 4
3437 4
590 4
3662 4
9844 4
8903 4
2553 4
7682 4
2501 4
10116 4
3543 4
4769 4
6800 4
2401 4
8791 4
5136 4
9906 4
9207 4
8176 4
8613 4
5873 4
1734 4
8360 4
9365 4
3824 4
6395 4
9959 4
5822 4
5894 4
9822 4
8219 4
8038 4
5087 4
4408 4
3025 4
3405 4
7748 4
4826 4
3282 4
6179 4
3794 4
912 4
5710 4
3752 4
615 4
9180 4
4007 4
2277 4
9385 4
9075 4
7034 4
4900 4
9942 4
356 4
5970 4
3786 4
3363 4
9120 4
5152 4
7879 4
6513 4
3861 4
9540 4
7049 4
255 4
469 4
6328 4
7837 4
9431 4
8670 4
6850 4
3458 4
2679 4
9294 4
3517 4
7416 4
636 4
9467 4
9081 4
7659 4
6348 4
5763 4
9652 4
9465 4
8695 4
2360 4
4685 4
522 4
2346 4
3946 4
8037 4
2354 4
4689 4
4926 4
4200 4
2458 4
4481 4
5305 4
1129 4
7487 4
2655 4
185 4
5712 4
7674 4
3153 4
6105 4
7893 4
2872 4
1099 4
2885 4
1142 4
1752 4
5196 4
3071 4
4229 4
3609 4
3434 4
3260 4
3631 4
6611 4
1110 4
9966 4
4207 4
4608 4
9891 4
638 4
4088 4
8207 4
8171 4
4026 4
8025 4
8040 4
5972 4
513 4
9280 4
7643 4
9279 4
7762 4
2305 4
582 4
9564 4
1143 4
7482 4
4274 4
3931 4
1039 4
5402 4
2035 4
3054 4
1019 4
9860 4
4660 4
7436 4
2839 4
6276 4
9195 4
1414 4
6769 4
1530 4
2594 4
2795 2
947 2
18 3
1201 1
4442 2
4441 1
2327 3
1198 1
2700 4
953 1
114 1
1212 2
3440 1
4183 1
1010 4
383 2
880 4
3553 4
3315 1
4706 1
1157 2
4307 2
462 2
786 2
2554 3
4607 4
2888 2
3521 1
2466 2
1978 2
2599 1
1293 1
1053 4
2200 2
2587 2
4780 2
1455 1
1298 4
4601 1
4210 1
3901 1
730 2
4537 1
1899 1
4071 4
2860 1
4276 1
2592 4
3200 3
3348 3
4084 3
2745 2
4141 1
3997 2
3627 4
1395 1
2485 4
580 2
2287 4
796 2
4346 1
835 2
3189 2
4733 4
97 2
4185 4
2163 2
1664 1
190 2
232 2
875 2
3039 4
1809 1
3665 2
2763 3
1403 2
514 2
3857 1
1329 4
3755 1
4177 1
229 2
4911 1
4243 2
1485 2
727 2
2834 4
1715 1
2843 1
2600 2
4518 1
2237 2
1717 4
3157 1
1085 3
4404 2
944 2
4453 1
2762 1
624 3
797 2
3395 2
4779 4
604 2
2981 1
2478 2
3134 1
4493 1
3772 2
209 1
1001 2
2122 1
400 2
2044 1
4696 1
2041 4
1645 2
1789 4
2271 4
2985 2
4560 1
428 2
4655 4
2034 1
2906 4
2182 1
787 2
1120 1
4038 2
3506 3
1133 2
1026 2
3782 0
1698 1
859 2
1673 1
1036 2
1046 2
4809 4
4766 4
650 1
4160 3
3182 1
1992 4
2283 2
4465 1
349 1
780 2
3091 2
2001 2
1587 1
2899 1
1055 3
1927 1
1621 4
1075 4
1498 1
235 1
2765 2
1188 1
2452 4
3527 2
4460 1
3391 2
4149 1
2162 2
386 2
4656 4
4335 2
3944 4
3685 2
3409 3
4049 1
241 4
1210 1
2348 1
2884 1
1846 4
1032 1
193 4
3252 4
1921 2
1827 4
1588 1
851 2
3234 3
776 2
1876 2
3974 2
4001 3
2726 2
439 2
3330 1
2498 2
2716 2
4523 2
3350 2
2836 2
2809 2
460 2
2546 1
205 2
2047 2
3950 2
2810 1
774 2
2177 2
3033 1
2827 4
2109 4
822 4
735 1
1905 2
4869 2
510 1
1497 3
4381 4
2037 2
2563 4
3917 4
3464 2
365 1
3851 4
4516 1
3726 4
1590 1
4834 1
4064 2
1529 2
627 2
104 2
3508 1
208 3
3040 1
2039 3
2957 1
4533 3
1043 1
4558 1
2016 3
1651 1
4763 4
533 2
842 2
261 2
4580 1
1042 4
1901 4
1468 1
108 2
242 3
3059 1
1631 1
1203 3
1855 2
532 3
2411 1
406 4
3940 3
2284 2
451 2
4559 4
2398 1
109 4
720 4
4331 2
2648 4
653 4
1230 2
1302 1
3589 3
1211 2
2289 2
2265 3
330 2
643 2
2270 1
2846 1
2618 4
100 2
870 3
1353 4
2379 2
1845 4
3559 2
319 4
830 3
2489 4
317 2
3611 2
4050 3
2468 4
4772 4
4261 1
1306 1
3607 2
4140 2
4069 2
1089 1
3576 2
4397 4
3541 3
3811 1
2476 4
4213 1
56 1
4432 2
173 2
3770 3
2431 2
3661 1
3557 2
2565 4
1430 2
3768 1
106 2
2823 1
609 4
2059 3
1675 1
4713 2
1884 1
1506 4
3776 3
62 3
3913 4
4712 1
3843 4
2538 4
3556 1
2932 3
4680 2
4242 1
1547 2
1144 4
1494 2
1235 3
2115 2
2547 1
4228 2
928 2
1355 4
3490 1
4555 1
2374 1
1582 1
2540 4
3232 4
649 1
4077 1
2308 2
752 4
4440 2
3619 1
3991 3
2903 2
4851 4
1572 2
1569 1
2625 2
2491 2
2467 1
379 3
148 2
1018 1
3716 4
2405 4
3253 3
4055 1
2676 2
2840 2
3349 4
3826 1
1877 1
2500 2
3483 2
2002 1
2023 2
4030 1
2557 4
1460 4
965 2
2758 1
4474 1
4861 1
2523 1
759 2
1006 2
3707 3
3864 1
2407 2
3532 2
3155 2
1411 1
4263 1
373 2
2776 2
1469 1
4669 1
3227 0
4023 2
4182 4
425 2
4078 2
1444 2
158 2
1071 4
4086 4
3028 1
214 2
1063 4
1920 2
3493 4
2107 3
192 1
1346 1
2457 2
3281 3
1060 2
2845 2
2471 1
1934 1
162 2
3639 2
3642 4
1324 1
480 2
4670 1
2982 4
3566 2
4076 1
287 2
2828 2
1519 1
2496 1
2246 1
1642 1
620 2
1637 3
568 4
2091 4
1971 4
4517 4
3574 2
1117 2
2112 4
1908 1
3902 2
4389 3
1428 2
1065 4
1140 1
2733 2
1462 2
1136 1
3530 2
840 4
981 1
555 2
1558 2
297 3
1325 3
3975 4
2152 2
1399 2
1689 1
2943 3
628 4
2830 4
2149 4
4683 4
479 4
573 2
2989 3
1600 2
1090 1
4624 2
4862 3
4677 4
2681 2
2838 2
3877 2
1017 2
4688 4
4525 2
634 4
2165 2
2739 3
2723 2
2203 3
767 2
3092 2
756 2
3844 3
3838 4
2894 3
793 4
2272 2
1641 1
971 1
2096 4
1807 1
2616 4
2490 4
3743 4
3647 2
518 2
1677 4
957 2
3141 2
3759 2
2737 2
3799 2
3816 4
2123 4
937 4
1009 3
3577 3
1243 2
3368 2
1953 3
3927 4
1542 1
473 2
2842 2
783 2
3859 1
321 4
4277 4
4602 1
3496 1
1999 1
1119 2
3075 3
3524 1
2373 1
1037 1
1891 3
2166 4
2004 2
484 4
3000 2
685 3
488 4
3255 1
2685 2
1882 1
666 2
4740 0
3113 1
4204 1
887 2
331 2
2886 3
2180 1
1240 2
499 1
2303 1
2195 1
1635 2
550 2
3734 3
1081 2
228 2
2273 4
2536 4
3879 2
540 4
4820 2
4193 4
3897 2
2256 4
1520 2
1027 1
1044 1
2007 3
2167 1
2973 1
3487 4
1615 2
3241 3
625 3
4311 1
4681 4
2933 4
2226 2
286 4
2087 1
4098 3
3653 2
4017 1
3952 4
3347 2
1164 1
4917 2
1983 4
1059 1
3507 2
1190 4
2089 4
777 4
637 4
1832 2
1906 2
2639 2
3360 2
1308 2
3924 2
2359 4
549 2
4545 2
2393 1
2347 4
3903 4
4663 2
4773 1
338 2
4657 2
2790 1
715 4
4248 2
2279 1
916 2
2094 4
3194 4
1625 1
217 4
1461 4
1658 3
978 1
194 2
1464 3
4850 2
4370 4
699 2
275 3
1282 4
3385 2
1843 2
3657 2
4901 4
1697 4
1732 4
441 2
3236 2
2365 4
1755 1
2020 1
1184 2
982 4
1792 4
2868 4
4413 4
2369 3
4818 4
4907 2
4113 4
2658 2
921 3
3495 3
1826 2
2319 2
1544 1
3430 2
686 2
1922 4
4139 1
468 1
1722 1
1794 2
4423 1
3703 4
1562 2
2108 2
1013 2
2027 4
4110 1
3445 4
125 2
1342 4
4420 2
2987 1
4147 1
2779 1
2664 4
2211 4
4034 3
1964 2
2418 2
1072 4
3011 4
1151 1
849 2
2497 3
393 2
4144 2
3037 1
1597 4
1257 4
1627 4
2312 3
3117 1
1162 4
788 2
2544 4
3397 1
376 2
3132 4
402 4
3470 4
1440 1
3111 1
2172 4
2851 3
1881 2
3666 4
327 2
949 2
2119 1
3093 2
2003 4
4557 4
4302 1
4699 1
2995 2
4738 4
2604 2
4260 3
3358 2
3599 4
4018 4
1386 4
4283 4
3211 1
461 2
3366 4
2437 2
3624 2
1249 2
1703 4
2704 2
3435 2
2247 4
986 1
434 3
1251 4
2395 4
4684 4
3939 4
2637 2
2336 2
3116 4
4552 3
3935 4
761 4
4312 1
678 2
3937 4
4241 4
3355 4
3694 2
717 4
2278 2
1782 2
1708 1
1730 4
913 2
4756 4
3218 4
1841 2
3547 2
893 4
3825 4
877 2
1323 4
3831 4
392 4
2264 4
1932 2
4372 1
140 2
1740 4
3731 2
1082 4
3246 2
1314 1
2590 4
1291 1
1280 3
1185 4
2164 3
2799 4
566 4
2919 2
832 4
984 2
2455 4
3595 4
4649 4
828 4
4643 1
2555 2
836 4
431 4
791 4
4458 1
177 4
1254 4
4707 3
3956 4
3820 4
2959 3
2923 4
3064 4
736 4
465 2
4115 2
1154 1
4488 2
1406 4
915 2
3873 4
4188 4
3176 3
4106 4
2740 4
3003 4
276 2
4524 3
4844 2
4494 4
577 2
4443 4
2128 4
3140 1
4592 4
1981 4
738 4
3471 4
1321 1
1252 4
219 4
3503 3
3814 4
2641 4
1713 1
3215 3
3565 2
1415 1
2743 4
4388 1
3399 4
3581 4
74 4
2422 2
3815 4
3584 4
3223 3
298 4
4282 4
1849 2
4022 4
4615 4
1893 4
3237 2
2341 3
369 3
1229 4
4812 2
3224 4
3283 4
3513 2
4632 4
1967 1
4158 4
4075 4
2939 4
2474 4
1532 4
4797 4
4360 4
2324 2
4176 4
3083 4
4896 4
1719 4
1320 3
1653 4
2036 4
1750 4
243 4
2850 4
3074 2
200 4
1350 4
1536 4
3187 3
4009 4
519 2
2893 4
3690 4
572 4
737 4
1004 3
4451 2
3266 4
2659 4
2045 4
2789 4
3362 4
1123 4
3644 4
854 2
4072 3
4131 4
2589 4
472 4
914 4
1779 2
1109 4
4641 4
3072 4
2551 4
1952 4
2188 4
2825 4
3601 4
1376 4
4653 4
2525 4
254 4
2378 4
3622 4
4379 4
1205 4
478 4
1758 4
4606 4
3163 2
3262 4
4802 4
4480 4
4668 4
1931 4
2187 4
2388 4
4377 4
917 4
1859 4
120 4
2651 4
3451 4
2695 4
753 4
635 4
1268 4
3978 4
813 4
3613 4
76 4
2329 4
3552 4
558 4
2931 4
4170 4
2077 4
4083 4
4184 4
755 4
4775 4
3592 4
4658 4
4189 4
3922 4
4273 4
2062 4
3778 4
4781 4
2629 4
3225 4
3087 4
2223 4
1199 4
2708 4
7760 1
7988 2
5858 4
4930 2
6192 4
9739 1
7407 1
10154 2
6190 1
7862 2
5872 4
5010 4
6221 2
8659 1
9411 2
5941 1
5241 4
5774 1
8777 1
8533 2
10001 1
6177 1
9603 4
5301 1
5624 3
7712 2
9874 1
8154 2
8745 3
7570 2
7037 3
7776 2
6272 4
6011 2
7269 2
7736 4
10075 2
6433 2
9864 1
9466 4
9102 1
5568 2
9827 2
6959 2
9260 3
5778 4
8124 4
9584 2
7752 2
8445 2
8561 4
9284 3
7900 2
9343 4
9173 3
8880 1
6390 4
7598 2
5458 2
7370 2
5665 2
9692 2
5735 3
9737 1
10027 4
4973 1
9453 3
7236 2
6743 2
5075 2
5148 1
5773 2
8297 2
6846 1
8918 1
7910 1
6399 1
5354 1
9073 1
6313 4
8963 1
9407 4
10152 4
9499 2
6472 1
5567 1
8027 2
6789 1
8101 2
9799 2
7306 2
6794 3
8416 2
6075 3
9717 2
5840 1
9755 1
7908 2
5478 2
5676 1
8625 1
5462 4
8244 3
7592 2
7986 2
8395 1
9768 1
8985 1
5100 1
5929 2
7206 1
5260 1
7130 4
9988 2
7121 2
6726 1
6824 1
7327 2
8255 2
9856 4
5275 3
9909 3
7111 3
8188 2
7258 2
5651 4
6093 2
9232 2
8726 1
6135 1
5958 2
9010 1
6766 4
5768 1
6745 1
5975 2
6010 4
10090 1
10059 1
5524 4
9394 4
8421 3
7050 4
7362 1
9763 4
5224 1
5614 2
8344 4
7062 3
6638 4
8164 1
7002 1
6676 1
6057 4
9400 3
9621 3
6506 4
5158 1
7912 4
6187 1
7567 1
8757 1
9762 2
8621 1
9377 4
7226 1
5252 1
9684 4
8527 2
9149 1
8931 1
8634 4
6763 3
6195 1
7429 1
8131 4
6919 2
5968 2
5084 1
8499 1
9005 4
6855 2
6650 1
5760 1
8479 3
5613 1
6937 2
9162 1
9178 1
7886 4
5276 1
9244 2
8541 2
7652 2
7876 2
7753 4
5072 1
8572 1
8041 2
6528 3
5294 4
7681 2
7156 1
7990 2
7245 1
8296 3
8015 2
7193 1
5570 1
6973 1
10132 1
5349 4
6494 1
9713 1
7112 3
7727 4
9128 1
8337 2
8673 3
10153 2
9784 2
8951 1
6655 4
10102 1
9255 4
6567 1
5497 4
8986 4
4978 0
8731 2
8301 4
8234 2
9812 1
5988 4
9852 4
7087 1
5098 4
6734 2
5426 1
8098 1
5743 2
8415 1
5169 1
9857 2
5987 1
6964 4
9859 2
6454 1
4996 1
5159 1
8307 2
6700 3
6920 1
5385 2
7533 1
9146 2
5284 3
7510 1
4998 1
5563 1
9680 1
7823 4
5535 4
6274 4
8841 4
6219 1
7325 2
5216 3
5506 4
8105 4
7806 4
5770 1
6360 4
7473 4
6196 4
6269 2
6896 2
8789 1
5192 4
5691 2
8861 1
7573 1
9898 3
9550 3
6284 1
9342 4
9256 0
6080 1
8821 3
9715 2
8775 2
9025 2
7590 4
9472 2
8231 2
4931 1
9732 2
7548 1
8787 1
7729 2
6421 1
8984 1
4992 1
8005 2
9445 4
5467 3
7160 2
6748 2
10025 1
6956 1
6538 4
10007 3
9062 2
7679 2
6687 4
5134 4
8201 2
9980 4
9497 3
6589 2
6153 2
6225 1
7194 3
7707 1
9481 4
5820 3
6370 1
8713 3
9832 2
7468 2
6632 2
5520 1
9276 1
7395 1
5576 4
6029 4
8873 2
8144 4
7155 4
6197 3
9170 4
8169 2
5658 2
10109 2
6617 4
6604 2
7813 4
7607 1
5237 2
5035 1
5947 4
8945 1
9384 4
9246 1
7848 2
8057 4
8569 4
8245 1
9060 4
9104 4
7661 3
8709 1
5713 4
7073 1
7095 1
9203 2
9379 4
6434 3
5888 1
9764 2
10112 2
7664 4
5590 2
9105 2
5935 2
9086 1
7518 4
8774 1
8410 4
6408 3
9559 4
7266 4
7488 1
5228 1
7954 3
5620 1
6470 2
9941 2
5185 1
8463 4
5267 4
9773 4
9283 3
7868 4
7192 1
6432 4
6441 2
5052 4
8246 4
9690 2
8978 4
6047 4
9286 2
8280 2
5113 1
9583 4
6038 2
6992 1
6999 1
8714 2
7189 4
9215 4
7921 1
6324 1
7568 2
8525 3
7579 4
7012 2
8698 4
5061 1
8477 4
8890 4
8895 3
6301 1
5325 1
9976 4
8806 3
9275 1
5174 3
8017 3
10006 1
7618 4
5269 4
7307 1
6710 4
5471 1
6708 1
5446 1
7170 2
9798 1
8004 3
8814 2
6090 1
9124 3
9714 1
8736 1
8924 2
6268 4
6414 4
6039 4
6447 1
6139 2
8771 1
5914 2
5433 1
5184 2
6306 2
9163 2
7220 2
6299 1
6185 1
6758 3
8215 4
5502 3
7216 2
9983 1
5322 4
8263 3
5596 4
6669 4
9875 4
8786 1
9977 2
8050 4
6747 4
7658 4
9098 1
5945 4
8152 4
5051 4
8496 1
7239 2
7894 2
7883 1
7273 2
8351 2
8414 3
6062 2
9063 2
8161 4
7334 2
9194 1
9964 2
5891 4
7179 2
7585 3
7108 2
5214 2
7793 4
9769 1
7603 3
8902 2
5373 3
5946 1
6752 4
5876 1
8406 1
5273 1
6598 4
8965 1
7889 4
9014 1
9053 3
7213 3
5823 4
8822 1
6230 1
7020 4
9463 2
9131 2
6575 1
7517 4
5315 4
10138 3
8085 4
5621 4
9753 2
5206 3
9585 2
9869 4
8715 1
6609 4
8330 2
8752 4
7459 4
7042 2
7477 4
5976 2
6958 1
7082 4
5886 3
6283 1
8266 4
5539 1
5328 1
8520 1
7859 2
6954 4
5536 1
10047 1
8369 3
9058 2
5785 2
7251 2
6228 2
6709 2
7902 2
7378 1
7268 4
6703 1
8287 4
5431 1
8961 3
9807 1
5132 1
9078 4
7888 2
7669 2
10097 2
7322 2
6557 4
5966 1
5990 4
7084 2
7241 4
8241 1
8495 1
5480 4
9631 4
7282 1
6843 4
7164 4
9292 4
8912 1
9193 2
8556 4
6178 4
10062 1
9746 2
7045 3
9508 4
6030 2
6184 1
9386 2
6551 2
7497 4
4943 1
8728 1
6857 1
8620 3
6984 4
6854 3
10141 2
9541 3
7822 2
8611 1
9129 2
7438 1
6656 2
8589 4
7483 2
6933 4
9929 1
5425 4
9456 1
9008 3
7761 4
7430 4
5218 1
7816 2
9831 2
9917 1
7982 3
9510 4
6382 4
5756 2
7358 1
5799 1
6078 4
6677 1
6407 1
5129 4
7057 2
6741 1
5893 3
7453 4
8435 2
9632 4
6323 4
5091 2
10108 1
5550 4
6267 1
5282 3
7072 1
8102 2
6886 1
8917 2
7373 4
6760 2
6810 3
5223 1
8480 1
7439 1
8384 2
6814 1
7088 4
5997 4
7005 2
7625 4
6074 1
5916 2
5934 2
9727 3
10139 2
9314 2
7824 1
5813 2
8476 2
7396 1
6584 4
9125 4
8635 3
5545 1
6116 4
9328 4
5306 4
8870 4
9083 4
6809 1
5444 1
9728 1
10077 1
5943 2
9310 3
5023 3
9324 4
6491 4
7807 2
8259 4
9367 2
10068 4
7830 4
9218 4
5752 2
7031 2
6582 3
9018 4
7545 2
6056 3
6158 3
7639 4
7706 2
5256 1
9349 3
5226 1
9849 4
4989 4
8624 4
6657 1
10157 1
6253 4
7235 4
8381 3
7360 1
6248 4
8630 1
5856 4
6424 1
8355 1
6723 2
8114 2
6950 2
5212 2
5863 2
8295 2
8359 4
9841 1
5900 2
8505 4
9600 2
9992 4
8265 4
7789 2
9511 4
8577 2
8853 1
7140 4
9696 2
8446 1
5128 1
5298 1
6586 4
8871 2
7566 4
7036 4
7010 2
6799 3
7958 2
6533 3
6891 4
8657 1
8308 2
6246 2
5501 3
9985 2
9139 2
7419 2
8373 2
9496 4
8450 2
6887 4
5594 2
9824 4
9647 4
7166 2
9369 4
9495 4
5605 4
7662 2
8828 2
8936 1
6966 4
9217 4
7351 4
6823 1
6356 4
9994 2
6771 3
7246 1
5793 2
10054 2
8455 4
6084 2
6868 4
6600 2
5790 4
10169 2
8571 4
6372 4
5253 1
7714 3
9250 4
9702 4
8717 1
5448 2
6289 4
6539 4
7301 4
6257 4
8191 2
5695 2
7620 4
6629 3
9409 4
10088 4
10066 4
5332 2
9883 2
9121 4
5033 4
5663 1
7841 4
7553 4
9760 4
9403 4
8260 4
5412 4
8537 3
8125 4
7495 4
8317 4
7185 4
8913 4
5575 2
5304 3
9319 2
6175 3
9489 3
6172 1
5481 4
9096 2
6194 1
8420 1
9301 4
9298 4
8279 4
7200 1
5170 1
8542 4
7745 2
5457 1
6560 4
6287 3
6779 4
6635 4
5560 4
9813 4
9761 1
5336 4
5150 3
9443 4
9049 3
5281 1
6787 3
8793 1
6297 4
6411 1
7791 4
8489 2
8633 4
9801 4
9345 4
8694 3
8459 3
6419 4
9870 4
9332 3
9708 4
8117 4
5244 4
5516 2
6945 2
7462 4
5810 2
8267 2
6384 4
7421 2
5231 4
6601 4
9191 4
7096 4
7698 4
8110 4
6117 4
7557 4
5667 3
5383 4
8734 2
7854 4
9239 4
8491 4
6229 4
6768 4
8062 4
9274 4
6795 4
8214 4
5030 4
9596 4
8235 4
7397 1
8760 4
6294 4
9889 4
6459 4
9673 4
5791 4
8204 4
7032 4
6336 4
5585 1
6388 4
8425 4
9549 4
9271 4
5168 4
6278 4
9355 4
6990 2
6837 4
6144 4
8522 4
5015 4
6827 4
9751 4
9262 4
6825 4
9392 4
7310 4
8662 3
7278 2
6293 4
9229 4
5309 3
9088 4
5992 4
8605 4
6239 4
6329 4
5633 4
6822 2
5476 4
10105 4
9428 4
6245 4
8322 4
9494 4
8049 3
9645 4
7055 4
5931 4
7323 4
8869 4
8367 4
9928 4
5162 4
7536 4
9800 4
4966 4
9653 4
5523 4
5013 2
8554 4
8321 4
9704 4
9710 4
5772 4
8309 4
8901 4
6223 4
6940 4
6258 4
10101 4
9890 4
7489 4
5980 4
5920 4
9268 4
9169 4
6731 4
7689 4
7376 4
8565 4
8052 4
7831 4
5490 4
8948 4
8323 4
8585 4
6813 4
7778 4
9402 4
10155 4
8146 4
9454 4
7415 4
5723 4
7942 4
5335 4
